1024
0
46774
49926
14241
8380
35671
26172
32010
19389
23979
25585
17272
23043
17651
53487
48548
19743
27189
23122
29839
50908
35922
20674
15221
64349
31146
4957
64273
60185
49749
14201
4860
38353
64122
34340
10676
58559
24949
37560
55986
55206
61105
6775
60281
14380
27719
26921
13981
25719
4035
33599
62859
47821
18006
38041
59578
53217
39070
9768
52619
14581
14551
59464
33691
11554
50687
46594
55420
3576
26973
43516
36533
32032
56539
16098
55249
63132
18810
26824
16002
5799
23590
27316
17725
6679
29770
50615
17048
48223
44394
7881
24512
11007
13494
2268
56555
2552
39486
1820
52239
44785
22684
45986
12805
65249
62746
61376
49898
59
36998
50973
33047
47588
55356
29760
19470
9940
3225
60991
27831
5136
3134
48104
30103
6337
63611
8325
7167
4520
62664
42000
8015
37280
60710
61648
40075
38461
19979
32295
21346
18402
55259
27233
35687
36987
48619
51220
5513
5835
52844
51394
46467
22920
64617
12840
23435
56987
38292
24697
33789
37480
52537
16646
24703
32367
21177
4082
32507
56373
49743
18649
61620
17332
12963
5095
35854
39891
33916
49666
36978
8444
7870
34003
54039
27949
12888
16573
24045
10232
52344
31587
54024
37566
54437
38414
47396
35895
36494
10584
46199
10669
27902
58453
2231
4372
64984
13692
61992
15466
45202
14164
4001
36205
59383
15027
23475
41834
27307
19228
46043
7809
44153
4364
10403
630
43191
2135
2994
12208
23806
24177
31737
9095
31298
61735
51575
17485
53241
24606
1739
2623
29621
49992
34602
47716
11116
58076
17615
12714
3881
56682
45784
31891
55870
17620
9747
47680
24090
56695
32911
59016
5985
29538
18821
41183
9419
19660
58662
25024
34621
34964
5007
12649
21351
5896
43033
8009
56925
11135
39743
12838
26080
28153
4032
36140
31989
6328
50420
35066
7120
61957
28238
36132
49238
39358
59508
27924
23810
63927
3388
14516
26123
55140
3240
6319
55978
47682
28775
8422
2400
4233
33729
19032
6783
57117
51229
29457
39906
50985
53172
39085
29146
63071
29596
38969
46066
38794
28029
5901
17702
23691
46706
15324
27986
13672
24374
46015
44956
2250
57058
11813
42834
32852
60278
2225
56293
21009
27388
58797
40582
20615
65073
29147
3787
8435
2419
20399
32362
55542
21898
20566
49839
18319
13619
18050
48604
25406
42229
27707
65282
36320
39099
45445
8287
26215
10651
49464
49066
13244
20091
62190
58267
56802
19437
23360
17618
63028
60954
58251
29338
14787
3446
6305
53572
6658
28035
3807
6604
53786
64497
26880
38394
29559
20981
15097
16749
29866
26417
13254
12043
16707
7059
38251
58882
65023
64766
41098
8571
40133
9347
20767
44049
51558
40818
5032
3260
42268
37931
6289
38254
41817
24916
3141
63540
50440
8087
49204
17782
42420
7171
8313
26346
1730
378
11123
37832
50089
47340
11851
51546
53325
33838
31667
38687
41876
43171
20406
57011
28407
43582
46302
29132
9414
26576
12543
20683
57113
33658
49332
50562
13161
58250
22452
18531
23390
37869
5856
6059
4722
51698
43872
30364
53178
27158
48274
35792
10446
55295
59131
18139
39976
2396
62160
49166
13733
64664
42537
5133
27234
22291
1218
23457
24402
41007
49649
8714
52357
64910
9682
15050
14164
37607
36652
47994
49981
60423
53382
60999
57757
18410
39482
12623
59737
62047
29138
53627
53452
63751
8423
26115
19405
63475
50592
1126
18380
54221
16069
63763
52537
9602
56616
15765
28389
17476
18212
7614
31668
54979
47918
63792
58416
23996
18480
15284
34577
59564
17486
13316
62624
38765
10423
8616
36847
36223
63361
1811
12437
42491
31689
37155
4860
1054
21760
35833
35051
46948
35724
8469
38232
38761
43877
46592
31033
18141
64547
64884
8220
11493
62759
6365
9083
15016
7966
19889
34744
64876
37365
55173
5045
62541
51878
57084
35739
18204
64824
10057
16034
12731
47630
19913
41425
2396
50070
50172
18842
4958
45172
51897
56840
52533
23967
52208
150
46020
63776
49015
5941
32546
1584
62247
22574
1652
16104
1486
1865
7341
45432
16560
35568
897
65357
25085
996
39468
54035
31391
41669
43352
27072
56111
41918
16252
9696
30800
63287
7190
14147
33307
20975
29740
52507
7244
7176
49248
4123
2407
53061
41992
27952
59188
31157
36498
56809
60758
49705
49759
63773
57097
20150
21191
54839
48540
22207
44429
27496
61795
20117
11748
63989
53196
60169
1265
5299
48892
35347
50228
3077
51963
16340
63952
239
26978
35749
63307
19042
56664
39155
52401
36687
14038
44158
2371
31532
57284
31912
59729
4649
7890
46991
6059
45899
40649
34041
4483
31343
12135
44344
8883
9385
8527
6500
32506
7505
32037
16285
57898
19911
60298
25102
37722
36884
65361
13553
18934
9264
46000
16910
56772
9261
63640
24455
1627
48488
49258
52219
3295
11562
15064
63217
30
51596
42298
62700
25241
64468
62784
58152
58282
28243
43249
62810
1984
8584
35765
51906
34950
59495
59552
26900
12752
61379
61615
13649
24015
30226
61217
58531
36624
55917
9279
51126
60011
29777
13443
35625
28122
34350
47312
5061
38527
29668
31859
7468
28689
64459
63547
22839
46298
1023
11826
33646
48888
41313
22356
44476
62170
53452
53931
18663
7033
21641
13621
24425
64517
52802
63185
30784
31560
59779
2167
31378
8114
62463
20230
23819
35659
61312
18687
14750
45239
36634
21761
36544
27858
54875
7833
23627
34278
35456
7363
61580
2672
62448
60737
23223
51402
18396
54770
29876
13167
65206
33031
54574
60490
30923
61143
44573
63334
25426
64513
3465
50544
37227
36340
25437
18078
56136
21710
52328
29442
21454
33927
58027
32296
32094
5001
77
42567
23736
12247
45768
15890
9210
9944
40004
20927
54371
19807
64926
63105
40023
37280
37471
30661
55247
33245
49720
57348
52385
57532
2043
6561
20253
24174
20
3555
60182
5476
45346
51294
40149
59197
42807
34755
38135
23878
57594
44649
24168
64802
3966
682
37012
40665
23577
53904
19726
14553
27403
35678
45475
64749
60913
26626
4149
21076
24318
44910
17599
29194
10712
15761
15044
1937
17155
43749
12055
33235
63225
30443
21332
43516
5875
61716
26609
26582
10853
53882
27936
48290
42333
3787
11964
62546
41182
51140
8197
4016
14166
309
2498
26942
14344
52229
45785
48354
31752
27847
4090
54086
46110
58313
5959
24741
26426
24996
24000
12907
57322
36985
51552
17863
24398
40942
43788
63780
19691
42861
18439
56540
44967
51988
16904
3856
16975
57237
1942
13957
12038
59389
62646
24582
18209
52734
