1024
0
17503
60991
51124
41015
27735
27080
16571
9616
58123
10779
9397
50949
31714
28699
28294
36244
54856
18136
1833
42720
10934
9699
58439
26698
47943
59228
27700
39294
5272
30674
33541
3387
61890
55731
46791
31471
50987
46303
30363
20816
15037
9499
58173
24732
1178
38173
24539
21820
39204
10211
31678
13538
65065
26505
88
11808
32905
10011
57970
55454
5428
58597
48735
47654
58127
41169
63495
36373
60211
6837
29079
34528
34482
61585
19077
36566
1702
7699
50737
49119
40250
55285
32178
10368
57875
17385
39982
54171
2260
44000
11142
64173
28373
11036
13262
40971
12558
44663
57695
48038
26394
39745
50315
15266
55565
8523
52286
31749
40797
14461
27724
15526
12598
13513
1570
60068
46481
38327
7339
35521
310
56380
63641
1190
64225
1757
46977
39461
7598
39592
19323
7656
44141
7427
468
25055
15966
39516
9239
20208
22164
53182
43684
64270
31060
23711
18673
13694
33043
48787
62406
38649
19816
17263
57919
41079
13141
64078
81
58421
42552
16090
24854
5685
2119
33163
12218
35326
3092
8057
6103
28683
2102
58472
21612
50539
36332
27015
1820
30936
54470
54170
57477
6514
58463
56123
12257
60413
3669
33613
61950
53036
7855
38959
49990
56924
30554
62590
12656
53855
40021
20584
38772
44954
26010
29095
1891
51769
54916
35090
39559
8712
15337
65072
28529
33881
5580
40448
15410
32955
37208
29248
43546
24671
57234
26311
11468
30549
6800
46448
39725
5479
50351
61360
30466
44902
49449
52555
34601
19507
6842
15138
44537
4178
11995
61838
10467
38228
16642
46912
51049
54368
65068
467
51052
6303
55803
14711
61908
11085
21998
17642
35835
39424
21919
45171
26807
22786
18394
55064
5951
39058
14440
41971
18057
9508
58617
257
60867
21168
32641
40191
5240
63073
29499
49528
58047
50934
50342
45430
35707
26924
23024
44400
45122
36337
36602
15581
48294
14289
20293
46651
60248
36308
37005
22191
40740
62581
10392
5562
29126
51179
15081
56318
2375
54735
34973
21578
22154
29878
25657
61705
46300
14239
32542
65423
8965
46039
23656
4906
15384
59071
30385
33478
33106
25738
3121
48612
27881
44679
56414
52270
20801
35499
21012
41421
20148
61074
63071
14941
63200
35511
25331
36240
5971
56588
22166
40540
11145
21001
8291
28270
1938
11347
26779
36401
37020
51224
36805
65048
27566
7948
61660
42383
1299
22272
50748
49346
11605
37286
26583
50491
65412
27983
33893
46941
23512
32329
51324
7628
30639
424
28500
56487
62889
51366
60395
62507
39204
42247
17819
19303
53198
61273
52095
8870
39487
52315
789
24553
11086
7512
15489
57365
34008
48761
45448
31261
54320
7135
12111
59587
15057
31575
36743
41824
33808
35827
6211
56107
3898
47841
7902
21956
39728
37101
27286
23135
26358
8502
2629
39195
41423
31647
1574
23871
22108
49032
35608
55966
56249
35606
4030
25135
58548
6461
48283
53187
58000
53376
60313
36911
61083
15545
56687
5023
24530
14651
36379
26801
53467
50435
58249
30078
33353
55471
59292
58666
27496
37916
27884
14376
23493
48818
9340
43520
31376
41320
51132
2899
31814
20519
8859
20
60327
22764
41877
1722
25184
18927
55920
40899
44491
63670
64508
45584
30901
53343
16790
25619
2765
10041
55980
24117
27146
11612
43606
48549
2737
51954
63776
22916
62438
24539
52401
381
14517
24103
27141
24783
39605
28691
15355
37592
25060
45993
31343
56543
36215
24550
44695
65481
10376
36339
37735
16290
26851
36944
28743
31268
39976
5520
6022
35271
63727
8711
43949
49055
47714
15851
13154
53425
25730
45320
63697
8331
28161
55966
51201
50729
42509
52158
17328
57279
31777
59728
8558
58352
6066
28927
51574
57630
20407
41235
53417
55113
16315
44864
46308
46915
23409
36975
38429
12929
57088
49818
38064
44565
13775
7483
51526
9807
50876
17404
49973
41708
10912
9031
13408
339
12887
22995
21257
13841
10444
33899
45093
1511
44707
56933
8129
6982
34474
32342
42934
9483
6792
34321
47131
51394
58579
49604
21360
13313
57194
36888
8588
34763
8243
44274
34573
57809
20143
52250
29662
38988
4746
17105
50050
46189
23114
20385
51567
26478
62230
49041
1048
53872
34875
49874
21087
25252
3971
28007
34898
22286
51016
62690
43851
2672
28214
51919
10518
36810
16918
34333
13362
3211
4410
36363
39629
40965
1683
57203
40428
14513
27594
6780
42078
30576
22214
33981
38246
35115
12918
65053
61112
25903
34285
26199
52423
38252
55475
1644
37164
29569
8622
20966
33409
25731
48661
5357
42261
42920
45593
29618
34007
9975
27439
7805
61151
1653
34603
29943
32300
55006
43507
18901
7720
64165
5112
39765
4827
43165
13983
49359
29230
60670
5245
58446
52196
7819
989
19704
30367
58042
64684
58473
17107
42087
18723
61093
3812
4691
26639
63993
33476
17385
30542
61643
16807
30182
62901
31967
33125
27183
61743
61277
56706
6932
17484
32052
8576
31642
48765
11238
47307
12968
12932
39411
45669
63325
44011
56960
56213
17568
42105
27955
2018
47793
44957
20547
45044
26766
44038
51624
17668
3709
48560
29800
31053
20023
65001
18954
65310
5403
16424
26405
26343
11619
21908
45027
381
20593
59932
55047
49787
39020
6580
10934
16770
55877
23113
8023
52255
49241
37881
61472
712
37053
3036
44050
44401
20073
46939
54898
54041
42681
5927
2940
45167
12260
41573
19684
46392
2096
1499
3165
37013
22881
61001
4582
221
13232
58660
51657
13185
48038
29815
52929
6978
29916
11084
32414
43141
27360
28905
26219
41618
60712
58133
56413
10250
57451
15420
49898
1167
46674
60965
65515
35844
44673
51676
25889
21645
20199
575
56691
58883
33906
24706
11289
51004
8466
20476
48418
42247
37503
25266
52178
38387
53206
222
63076
1042
22369
17687
57364
22017
64498
54768
47417
27355
23663
48773
49897
43511
16776
16384
13582
8856
55236
38960
64636
50267
45501
59375
5723
8181
12177
44025
10427
53708
7266
51487
20178
10088
46241
60433
25857
12120
28230
37547
45881
59069
18555
46090
32629
30605
43946
27727
32431
144
12867
40664
40426
61410
19425
47394
6447
27046
29609
12008
21203
29294
41513
39046
6957
45293
3666
42968
44662
51611
43282
47237
24639
54775
24542
20315
12697
11395
40204
52225
40589
2453
45484
37075
39465
53238
38428
35080
25442
5396
34845
55874
28060
33852
36785
35946
8162
25707
8055
36852
55493
6151
51201
10352
25648
44561
22308
16971
57501
38761
42351
47806
62771
56994
8817
2605
60980
54152
33144
3341
