1024
0
53476
25248
49526
45947
42861
49445
47401
28301
1324
40111
64867
12681
6757
49753
29373
54570
2111
23290
48586
65365
29432
34928
51570
6494
41281
29303
18258
39131
18745
61118
50742
42150
42762
9056
47324
10882
24359
57763
43566
48236
24136
1124
35176
27037
60122
37129
57872
54764
15976
29057
49581
17417
47057
18549
22735
7318
51294
47251
52351
43949
45243
15654
42350
20704
48773
48857
58138
28299
47919
60414
8003
12675
37829
45206
44506
20964
8676
26963
33852
28493
4253
53562
7316
14918
44071
1466
33199
52840
26568
29111
19184
41101
57428
30043
12705
65369
64390
22467
54706
58755
843
17148
8790
42512
61916
7585
45297
33510
53416
38064
11795
50648
36387
55593
50846
28126
13512
43789
46273
26976
43365
56938
56809
30188
7702
43103
17858
31459
3741
57284
23513
12979
56544
39998
16094
41298
48716
54376
14804
58292
27799
29174
22261
20344
9998
3288
62215
64313
33402
30572
22907
6097
58730
11323
51980
57351
52978
46412
9502
14820
41418
55049
15482
38981
23955
12873
19146
7617
2236
55873
21492
21730
34466
31269
63248
18522
34790
40662
28020
26081
4691
32444
25423
58529
15659
7025
20912
33622
2739
11348
37297
41122
29923
57444
44795
1254
28171
6038
37303
14905
4044
33426
54981
47790
16590
21973
23019
42243
59319
31089
5729
30413
43894
8208
3974
37526
35758
145
45401
19125
12326
62226
31026
32540
31374
46066
12535
21604
4807
38757
44067
9473
17675
18497
41895
36410
20334
47353
19570
32902
32530
27094
55454
22879
6112
7616
11111
43664
62896
220
62001
10138
20488
3151
18082
33334
32431
6986
21543
16816
38049
19729
18253
2298
58892
34362
19122
11151
58393
47230
40648
21932
50173
28352
30497
35899
11176
6871
62703
49830
37391
27549
4006
39825
1168
44920
3384
29215
23224
12107
40971
45289
13936
17895
20589
14167
15562
45247
54924
8489
40008
5776
16563
11824
18884
54302
28719
55378
14054
62663
58861
52724
58535
14876
46045
19558
8820
31988
10141
22163
16228
5929
39958
10844
64413
58277
54928
14019
63458
30507
52432
8408
57084
18313
8139
65158
20610
30960
53776
61596
37093
40781
8730
53148
5983
41111
56419
47988
23789
58318
61452
58168
54675
56352
17823
21846
38866
27789
28926
54766
57314
39396
50721
55672
7783
65355
62176
1044
45370
36639
22726
33362
47216
25933
51002
64671
62989
49337
22955
37622
13499
14683
20918
39745
8731
2090
50960
13299
14418
44167
27428
10792
20680
9660
53524
18224
46321
12149
11668
26039
35592
18918
23476
52205
9800
11177
50218
9694
24074
47649
55417
56231
59172
23776
1404
28525
43454
6534
45987
37935
43784
31366
15512
30952
46761
57599
21709
44273
3524
53801
17546
36807
33633
23872
20951
16930
41473
55508
9001
2938
35826
30693
59965
33518
42217
58102
55367
6379
25417
39824
27107
29341
14702
1126
29975
11319
23236
39355
18368
61046
60707
32858
48676
32196
8391
64312
53211
56415
3731
38657
13173
60728
39280
4435
59743
31317
10267
9339
19797
37188
53093
41034
49442
62188
10730
38538
13438
53448
50989
37868
13040
51343
17887
62844
38380
1822
28164
7701
60701
11315
45373
45765
44881
2997
3538
9295
12160
58721
59473
60213
23246
9926
63660
59448
23112
55795
7504
34337
50596
31376
6787
22765
3073
37376
35190
27140
53433
21907
47085
58626
33194
12740
45094
37903
30587
41363
21200
17682
62147
20708
10402
17913
59429
16723
1996
64303
34805
11763
27217
983
13240
46490
6017
17912
29666
24426
45994
49745
1658
61364
64246
7925
36673
24418
43829
5293
11775
63536
38244
3323
54342
38939
45297
5058
15389
61555
57171
48029
56001
31967
60121
4525
13912
57274
43460
5185
10681
59968
13828
48131
22613
36790
45599
53446
34581
33964
26305
36750
55238
36965
54663
12594
11376
58981
34506
44261
32301
24352
52345
38729
54776
57460
5495
17171
61285
3395
25523
11502
4249
50621
47123
19137
43343
53186
63080
33331
41011
24427
60813
53032
64336
25114
51184
30731
11636
27836
37038
23445
10398
40984
13110
6962
34710
36244
28328
50881
62858
14833
57275
11431
57220
10667
9648
54025
42952
43160
39005
18141
27891
21940
5474
62181
9787
11949
60030
4034
53784
31933
42068
20562
58765
36999
18738
58564
32936
19200
16349
23291
34295
22109
41577
22352
64820
59068
50249
17806
3351
39698
36060
15483
27609
13992
38364
62887
4588
5940
37179
19637
54306
41535
13600
5022
60499
51881
5973
59713
45858
41025
6177
65203
52750
1110
16853
36995
39846
61179
62430
39324
46090
21820
16396
10750
8346
13163
27282
48215
35498
15071
24437
13165
61891
42031
22256
40576
24248
40344
40873
31095
30506
36866
55726
33552
62217
60865
7052
14292
54685
63110
63499
61843
7514
31319
38765
49133
27881
23919
13264
39745
42430
38878
43342
19463
24203
2080
4583
16113
49869
28312
23408
30977
11647
17088
41524
50299
57904
42997
678
11460
6883
59041
46665
23204
11395
3897
6261
55589
12465
62086
33321
15946
53171
56760
30420
14918
64193
18121
42655
3502
65259
35316
57256
65340
1358
47377
15623
28906
42270
56578
19406
52348
44029
7679
21593
65087
47882
913
36784
15915
51083
51060
18348
25762
31228
14891
52901
24638
59073
47850
37508
41283
63256
43600
31459
25175
30648
10500
43593
11803
11773
10183
34496
62831
18467
38166
58545
21010
60692
59373
61860
8617
40788
56323
59122
53713
7245
35984
31719
41196
50204
55961
22621
17713
38546
25703
33723
10417
34213
33997
18905
59051
52969
9982
50519
24170
34104
10798
31844
36950
22008
18474
909
54217
40083
60735
21440
1168
38472
22875
36103
63727
29180
684
53875
55288
18034
38701
1113
54012
22678
48569
48737
35777
38766
40417
51974
42159
38756
22715
10563
58746
6947
32298
36
27859
55992
65178
58315
18583
65505
57986
57625
36114
39201
40548
41896
16263
30839
21819
21925
19519
59720
18824
43994
6
61181
29438
14540
1720
21607
56569
32673
25555
55037
64203
60060
42699
51063
18042
61797
3145
7143
65145
18173
46576
19311
7650
28723
21006
38547
24368
28779
16064
57033
46971
44871
63360
8224
51738
63338
11378
5772
5078
37571
5502
4612
49374
38531
12504
17659
35373
9974
28589
26674
35403
3301
12364
330
54631
8188
8728
54000
4064
39418
64136
9501
1204
63647
47801
65114
32963
21000
10663
5578
45596
43470
11243
7796
450
64329
24404
63057
39937
42680
452
55349
15093
10183
13039
22581
157
21731
22843
43962
