1024
0
12848
40649
45041
39957
41345
57848
34334
36656
38920
40388
44352
64349
33574
28129
45713
40518
3577
11791
1233
49205
56404
14047
47229
53085
24721
52199
5126
62502
23543
57220
30883
14114
28452
42067
25483
19149
27870
15569
10106
18557
49804
14938
34010
22783
2923
30716
10045
1204
60028
5302
63917
31800
32946
12728
8440
56451
1647
42036
32703
63612
19478
41170
48402
1840
39468
33222
53658
23715
61807
62335
17520
40230
20061
16828
3950
23647
23955
7218
37369
31272
51658
60455
30912
50083
49362
24658
2470
64887
47135
23125
15385
24656
51999
60373
44107
1903
15410
49932
30439
54635
37986
2004
16666
40033
62912
51770
60470
28085
59593
23959
45219
59277
56490
37508
60979
20139
61359
50388
25272
8274
26865
46547
9286
41169
64790
15138
47493
21212
28651
32034
41014
2880
26269
27777
43182
19874
8845
44997
25315
54493
63774
64
7662
14192
29504
21285
20112
5585
20876
35462
18651
37420
6040
9754
39756
59210
48782
52198
56629
62914
1630
39808
61814
29192
28561
32789
41309
30404
26126
34792
16112
16123
5360
31000
4598
236
30576
43273
40175
55598
39332
27885
13169
51479
43401
3219
14202
35135
14282
30116
1679
30251
28641
5030
43551
14766
31198
23017
31691
39554
13381
9904
57750
57836
53735
32225
9424
5071
4342
35417
32676
44415
61116
5831
44755
113
47458
10690
24235
7269
44909
31099
50712
5048
25190
16615
13109
52929
642
49355
24989
22029
23323
42237
3618
23247
65495
13859
31988
58652
6616
44090
14555
43545
20302
48967
59874
19064
4146
19031
42725
1950
48974
57858
210
44909
28219
41599
62464
10604
41096
42689
65332
53808
56423
11054
53269
9371
13640
8227
44310
58176
44563
38258
7776
45119
46886
8297
13590
65273
23583
31923
7415
59651
3804
34453
23995
60849
36128
32878
62721
56109
34543
49522
60889
55567
48490
42375
38753
53361
39801
59123
33281
2195
1926
24343
8426
26207
63984
16668
54357
39614
248
12468
60111
49048
39245
9238
65023
32123
13230
41308
34348
54970
28100
2334
59317
26295
10673
6890
46145
29709
20259
2560
27967
38184
1303
43441
25228
35475
6603
14261
28334
37172
18580
16891
48419
27411
6890
53156
59240
2851
35600
52896
14419
57773
22
17482
12060
32445
20839
28573
27088
47526
17130
55444
32995
20392
55224
50203
32199
35315
41421
18541
51739
64626
57228
28168
47082
48465
9873
61371
36207
29654
31566
59870
9158
57694
8177
61326
49718
5637
8986
2750
41292
11597
3350
59897
37159
46606
62142
63195
60010
37443
34737
41409
20257
33542
16999
6383
16985
61465
57614
37435
39435
26083
56150
64003
28806
4580
41107
41980
19488
49342
34762
21129
32663
24674
61431
33047
18717
22395
7158
31743
2158
1026
43150
60237
38486
40410
7289
29636
63154
60486
23869
45529
59423
48840
23198
23380
32473
63547
16912
3168
9868
55724
38683
46411
65277
60665
49419
16782
37335
56237
52120
14888
19929
40172
27852
1029
23771
50312
50897
17103
8421
22151
56703
8666
30902
20701
40967
48042
30334
58546
43228
50492
29599
29986
37444
6326
18151
48201
21339
45160
6407
24491
36509
45503
42985
55624
40210
11417
31152
47013
25207
8282
8478
33692
13670
31028
11449
50356
50945
13334
44713
17104
36598
44627
23768
62125
62824
14309
47737
53146
56913
16817
7605
56197
48012
12862
2574
22529
32777
8776
26892
60245
23129
51832
670
38945
56169
45231
29506
39428
12998
5582
63567
43809
25173
35800
16057
4951
37920
58122
20152
55240
43460
36146
9056
17622
51084
29485
3584
60231
39996
56943
16903
6997
10449
7849
64325
27675
29101
39837
50136
43766
58030
10157
7308
53992
29765
22961
749
4265
30145
40681
45563
2755
62573
17274
36917
22645
2079
27955
1678
64997
52376
52158
55270
64352
11803
19109
26054
56955
17070
14918
37929
11819
11245
56148
54383
19276
49791
19338
58878
11843
5281
24254
3052
7653
55463
60708
64306
63000
38756
49808
58000
47040
4494
52434
56901
42296
50936
10139
38440
64796
60514
50249
3065
51032
36254
30696
33929
13445
13545
63607
53839
42406
53294
37032
20557
57425
1684
12389
18132
45480
38023
4903
35815
24869
7692
58201
1924
48808
1408
50102
23677
9523
35492
40509
58167
59954
50667
38011
38131
60704
50427
27865
53244
52379
36063
15072
61636
5048
7783
62108
48098
55058
10844
42048
33980
23867
1916
52816
46359
905
37201
22948
58346
5993
36212
63938
63034
17126
62598
52101
33057
38570
38046
2517
57299
5345
34818
4085
20741
21893
58020
18425
21573
57501
15723
65153
15700
57298
21342
4126
17767
9586
14410
12128
16784
6220
23180
46980
49263
62819
65426
6034
27927
65356
51312
37534
52541
49078
28320
58369
63947
35742
10439
14582
42834
57279
26574
60801
49338
38185
56182
45354
42419
2611
25940
1780
50663
41819
62963
31023
17705
25101
59156
52512
6779
27256
44016
1873
13937
37072
22068
37634
27300
53597
46159
2839
63978
65509
60701
58151
33395
63389
31761
65301
4077
42662
30364
35758
52145
3896
47760
16842
50713
45515
48363
4265
40141
60250
48189
47315
9780
30891
44041
2933
63853
30111
56096
12121
63816
38424
20149
60309
35503
5850
3582
48104
52415
4004
29885
40794
27522
12761
37626
21448
34562
33828
23747
36577
41709
57418
5767
9625
23565
19625
20636
46336
48705
30463
25719
17234
52952
6846
40943
56111
1126
16301
46364
26525
43584
38914
51239
38179
40939
38158
17664
21981
59552
26598
16875
33029
59647
61332
65248
14173
46384
33293
20547
1412
25001
21501
37735
44819
64077
55664
28746
13840
48787
55522
3728
40345
20551
39331
60519
8385
8690
25446
41286
41009
32678
60759
38772
51730
34484
11775
41786
3328
38811
61611
10865
22478
53470
56548
20174
15580
9161
57048
19839
49880
39277
51033
35449
26690
49601
34036
58500
31830
8315
23936
24018
55379
27102
39474
38591
17857
58345
37002
22075
41157
45811
15045
22106
35026
35158
4372
19011
42595
32252
20746
8814
13151
8802
30374
35248
39160
31900
25681
8089
6294
18293
48708
53143
60449
29231
21056
22788
33883
30499
52133
42127
21875
9342
44434
46004
14126
38667
39109
1779
54566
14585
63835
11629
18927
32378
53204
58586
26870
22548
45928
22021
38031
36065
2630
53690
13590
39807
11598
27633
56251
64532
33076
56675
11205
20695
1227
41495
30080
10683
26540
29992
46717
12452
30451
15390
27252
7198
56832
14770
59627
4008
58368
52541
25196
8528
3627
22191
28395
15761
