1024
0
15400
23104
25111
58930
9186
13302
34640
16281
11030
51058
19808
33668
14267
1403
2933
53180
33506
35059
42072
51808
38154
28696
48277
28303
46462
34659
9394
60769
12842
40956
50140
44439
22794
43284
19692
14221
33885
15954
48080
11981
40464
64954
1606
33688
11344
10435
48776
51354
59221
30631
23963
8052
54981
5099
18329
38109
43
17627
18924
5297
16662
1809
37811
46517
28427
20962
38083
34521
58338
26254
24960
18838
1227
63695
1743
825
62111
39962
61082
886
26092
51825
47184
27586
8857
47011
42448
53061
1958
5616
396
30046
16014
58062
42643
15310
7318
27482
21066
1434
19955
52809
37186
21370
50404
63972
40342
52547
43860
1710
28241
18039
34621
22829
4771
13839
2566
11066
13666
34448
12040
52397
19039
9144
18505
149
6357
59507
10075
418
17410
18004
44020
40087
8567
13831
9116
56224
63671
15821
14529
21874
59657
32170
16682
56534
12274
18439
4704
42709
24164
61069
3408
27947
47834
47157
50047
44871
22923
30080
15130
36251
53523
762
700
24897
19802
25117
63377
51219
64671
19492
65044
40749
8514
36517
38162
52702
1651
25992
35161
57731
24415
2741
1599
40998
4468
14188
13695
1478
1845
23521
5429
43587
17245
39990
35680
17399
37386
44417
4848
1471
8621
61800
20233
60192
62671
1301
26693
7644
24061
47418
53721
36930
17157
61699
35433
17598
38722
54593
39051
64307
11013
27668
21926
45513
51916
28092
3308
14524
58722
23185
39453
11860
17661
18026
16821
50105
52102
8486
26767
61943
50771
32041
41042
65369
6736
32147
52055
52976
24866
262
48020
41946
62249
35459
29172
20071
45648
51381
13584
30593
46605
17087
16310
38369
13995
22922
64755
18981
41628
3714
13057
741
13647
62044
59686
32851
25768
26840
10298
44316
759
10716
59906
28948
59178
35758
15673
63381
47142
64421
39131
35350
2807
38377
41123
33225
50725
2721
25260
61732
58568
8621
1995
5733
8805
37003
54195
42715
34633
37451
14111
21241
48594
29238
40847
41249
31551
57440
21006
32163
18436
42287
45495
30598
10368
55415
36084
60540
21035
61935
55997
55020
62247
30950
32468
16600
39456
4662
36001
45193
12498
29872
48897
23884
18019
2249
38977
54166
41594
33
64245
16031
7608
44497
64258
42793
6311
16880
37180
18665
3360
31871
17277
27913
59770
15890
61075
7575
2225
63534
10170
32617
59933
61279
54628
46253
50837
27754
18594
53188
48199
3117
57625
29347
14354
36862
25720
59317
44567
39634
57130
1119
18554
7878
20508
13832
26164
22680
31631
40906
54882
47526
62783
14829
38771
50882
51634
24198
2189
7558
64304
1122
3599
36247
40359
21817
49840
13106
52329
55665
63491
55869
11281
5277
10449
17912
64430
37369
3455
29195
16372
37009
41340
19036
23661
1803
51301
12099
55747
5617
3252
45687
28658
55316
24923
53817
60349
53726
2811
34534
30776
27878
37900
37311
61065
58309
42107
10603
58185
53151
37943
53339
17532
39119
52528
18596
55996
26330
42774
48207
11083
51082
56853
25024
16481
37676
11146
5668
8928
62856
48004
22444
53041
12422
21409
6953
19322
7278
5726
36636
48011
48089
43979
48146
63468
43952
36610
41875
26641
52605
44259
42216
15425
56447
21713
29264
56742
59860
18621
40529
48556
35494
51114
630
39644
40796
55897
44260
23675
41068
10340
64526
21005
5454
3377
30748
45565
2658
39656
13298
10852
54270
54030
8625
35815
33996
52437
30297
45974
5326
57375
30390
21020
4461
35847
19881
59461
52647
60234
922
15256
56471
30047
246
17126
43505
54370
64865
53246
35738
1319
63091
52927
44228
39666
65269
23488
61103
12262
27547
7191
45623
63167
43178
51547
36846
60035
3567
44426
25465
29745
16496
60016
16221
54065
4309
29291
26728
51746
6617
12790
52960
3683
33554
51052
882
54
44464
62922
12832
55970
29856
15942
17161
28766
51863
22964
2705
44265
30204
48452
65332
21203
33395
61367
1536
62886
30733
18028
58748
55586
23881
2058
47411
63404
31444
24802
55700
29960
6640
48242
1374
46410
12768
37322
37436
61530
29115
53912
58845
41495
38519
52004
12205
20077
46585
48128
53321
17330
29409
2052
9612
19181
27181
33734
42536
9812
28198
15694
8933
37491
51585
55522
34260
43022
6751
2809
60451
11755
984
22231
52827
64513
5064
33701
11874
6316
1312
3115
11613
33875
61906
25033
37212
17289
62128
57378
10090
5608
64053
40963
52086
12891
46110
55094
39810
27083
17783
13412
44198
1742
29197
12081
49756
944
42056
21195
55378
3804
28522
30852
5339
44221
30051
41018
6654
60361
62135
64834
61141
14504
36202
5020
43320
21561
38816
3181
9884
19905
52776
38175
55539
45370
57971
42055
5058
1869
22144
23280
49505
8721
9329
61191
22767
32664
23324
25624
46737
53031
56365
43486
26589
4432
28379
59497
33691
20759
8892
27173
57531
32301
32256
44046
9291
58724
60155
58199
37671
29605
21404
39464
1809
30252
56164
56367
30545
34319
41390
42768
65062
50041
26195
26872
36811
44576
63748
51271
26898
54848
43552
48090
45669
15709
44905
60309
40826
8702
18186
51055
63879
45248
33201
54856
25124
15685
33666
22036
23404
3351
52151
46650
16332
13808
42385
32939
61557
45583
35465
30805
35745
4119
59853
45825
51902
63909
62829
21704
32454
40324
2339
16819
51314
45666
15301
15545
37596
16476
54109
10250
59674
40975
50935
64822
34729
2250
16153
9541
22260
10794
20437
15705
2566
33609
65184
20364
7082
36210
5010
23259
14897
18416
44817
36168
65270
6717
8079
14504
54346
39614
12109
53684
20585
24428
20786
23590
59489
64012
34699
15448
28390
52958
27971
24074
28830
10800
9658
5869
13168
10692
25008
6630
3014
27907
61228
51681
22115
8979
37675
63996
18679
51804
51989
20249
158
23668
37339
60177
15742
63290
38400
24440
58268
56816
37370
16823
16533
34331
17606
49374
16688
56070
4587
29093
27788
30536
16750
27393
27328
33057
4547
6920
59934
18803
35366
12315
47657
42694
33725
49643
3631
8428
52747
1191
65525
11773
59460
14422
33637
24897
38026
40559
15872
38134
27238
58917
14776
6523
8747
43249
13920
16610
23967
60444
55221
23629
24986
32871
54009
11415
64857
20605
61895
49224
13619
42215
7824
18985
48660
43341
49115
14032
7331
11264
33694
29370
31546
48165
15816
22487
25081
47241
42126
15023
37019
24327
65442
43153
4737
41536
55799
38099
33443
27682
34928
17774
56011
5461
61420
34081
13293
4671
12639
2496
60880
63449
55986
34411
14868
40112
59434
46750
