1024
0
23916
444
21651
35016
11188
39338
11755
17982
15577
34148
7766
39646
5420
44036
5677
52636
18514
55033
16860
9927
56388
18873
65282
25919
28749
40497
27588
48861
34365
15354
844
11485
7073
27592
33337
12950
35587
61477
31462
40584
44013
14013
23932
47554
52514
3951
19222
35068
48059
45537
45838
32957
3571
47750
6236
1531
4573
52293
51800
29665
5172
60119
19922
19164
9583
46953
16915
57445
38410
12179
21887
36614
63181
20146
49681
62210
26508
63205
16655
45549
41435
25240
46431
50256
50199
53226
404
65340
27716
29605
60779
50806
29256
62502
1245
43934
41488
26310
35656
62668
31111
43736
14655
62944
12392
32368
43430
59345
32507
45632
3254
3509
23862
52405
14649
4912
36255
27922
17326
42514
61926
36728
53210
2742
52959
17808
5810
40550
44151
27392
1054
56162
11231
1017
23659
45754
5965
37990
54330
59516
55166
18124
6436
35412
21444
9716
11222
14793
7743
18920
53338
11219
17727
5111
16899
45469
45347
24374
64141
33463
63088
56948
41102
4625
47736
28093
6973
51384
38709
21636
39157
31763
52812
30233
8396
40973
43770
37311
12871
20396
30821
31783
33335
61641
33112
54275
7535
27564
21895
23522
690
3033
55574
65286
2267
5405
27455
22823
24062
32027
39469
44287
22578
38134
34491
25040
52361
46429
43124
30287
65303
35228
602
21017
46062
63571
7845
7414
15333
49501
42740
25747
60486
50827
55906
27732
63968
21957
9466
13073
3878
32448
55879
13898
27783
40229
33313
9710
3964
19426
64768
20077
7245
35152
52676
39074
4077
47189
58291
9263
39933
35192
10183
42525
47829
2317
25760
36295
51901
9056
54047
45583
52857
50482
25336
43195
1964
15690
51867
25382
60035
52306
62387
25487
31074
36398
51627
9478
25345
22616
59011
21355
42320
11045
34407
5834
9127
54969
35726
30207
9137
34827
52278
50087
36944
3810
2683
57206
60782
55589
3563
27673
22539
32978
30943
4269
10982
41227
35025
33312
19667
7469
5446
47461
21805
16388
9988
21174
54169
9429
63679
46579
37920
44285
21131
3236
41159
61560
9754
28849
19969
15787
64320
20004
49487
46335
51086
63421
29427
36622
2153
45348
3049
43355
43705
29679
39740
57589
31511
59928
23694
29852
12471
28291
9016
3252
18896
37892
22385
58345
52891
1861
2062
6186
54903
31720
31131
55076
36542
57436
19764
44056
47767
22384
21159
25421
50249
1482
5873
31654
63900
37983
65424
24067
47538
56519
44164
26531
40202
16605
1880
21736
40274
2794
63534
61630
53659
17198
12860
34955
55123
36642
53973
51793
24331
31629
44961
53252
36390
34697
22547
28964
30219
58045
3153
56813
17211
57065
59980
8863
50543
39332
46566
36497
47645
24542
46021
65465
29469
36067
34716
10888
21898
21397
44102
36852
27942
54952
1111
48216
41331
1732
8609
35622
57241
36732
15347
28249
45270
37439
40972
58357
8804
5134
53551
40573
3623
59431
57441
2529
48527
60337
38604
59403
34848
39719
8663
42564
32680
19661
27951
45300
19387
32460
56360
2167
19472
64741
24019
40582
15479
59515
51379
4406
38298
7778
21975
3139
26087
19909
60963
52862
31141
23957
39105
20225
23694
28304
57833
7757
51768
55288
52201
62502
20957
23808
35563
65386
40437
35097
15440
34246
28273
53948
40629
17153
24753
30445
52803
48028
51867
35087
42824
53560
6933
56575
36135
27308
19193
3650
28697
148
17105
9065
51390
914
18215
11903
26356
7520
48064
50934
32692
59810
5020
57086
48116
47116
20054
10259
65025
40333
26830
19780
56484
4574
24134
41511
23306
47925
39276
471
34989
4106
7476
26860
14103
57043
22972
12499
45840
53651
10374
1719
52710
62651
37956
27325
41224
55784
33001
3131
10615
51495
44814
8774
31764
43134
12001
18160
59381
9381
38652
29365
21092
44819
10643
18635
50913
474
60159
57612
24276
8355
82
24387
45051
36574
21214
59529
26487
33367
58262
3662
19821
6758
37904
29409
34081
47403
7498
35032
42780
31236
16404
40953
7718
3232
25819
61652
32924
53658
29427
22185
839
9334
30654
46957
51403
23137
35624
36583
51407
21137
16722
38517
896
54218
18493
10226
56199
38154
10040
26042
53100
21794
39957
65321
49824
24917
61877
57834
54872
46079
17317
33601
53273
58759
9769
50770
46488
56279
51638
39031
39579
16472
62633
1523
5553
9682
54491
10075
28257
34178
64106
19798
7291
28756
31261
62774
49992
539
40201
53677
54561
55035
24849
63418
55854
16352
34705
52833
3825
46883
16580
13803
13281
11050
10553
42555
40223
38737
55779
25332
43219
36056
45885
46860
46909
33327
41509
8438
25715
17576
41696
52458
37483
61128
12473
57026
24674
41968
34992
36655
51755
52259
10974
65202
52224
40553
40068
65346
10334
3906
15163
34696
3772
22259
65472
13718
972
14464
30081
5527
56134
7280
39140
48887
31676
16070
30265
10874
46566
31522
49998
9615
23353
52380
12473
26334
2711
64428
28923
49478
54175
4567
11501
58579
13996
22578
38452
41308
24558
29494
34095
27512
33493
23167
32944
40622
18886
29256
16744
20232
64282
3781
29138
2115
39870
57397
32943
58754
47804
23047
25305
14845
54564
40590
35153
44802
24388
39994
13043
34380
10900
48493
23775
27089
6215
4744
40209
42058
19407
64600
46781
5225
58876
39859
30302
30858
65274
8817
3258
54706
27261
22905
36976
53435
63275
16522
64481
52967
1772
53849
19898
34264
14400
44199
28021
48435
42524
14357
50137
46822
32163
55407
34625
59673
28122
27414
17182
7227
58550
23174
61200
21833
46335
4303
33310
1124
31163
47308
7042
42664
20642
3489
51971
30177
49464
40253
21619
29831
23094
32165
38987
14806
58340
26982
41577
57835
1183
6345
54017
3448
59225
28546
39522
22012
53519
5859
55617
42969
19274
20581
61562
41978
4684
21846
32067
62447
37794
61100
34558
45162
61875
46994
47343
15698
59796
31188
38044
49261
55985
30299
40594
934
35738
50519
59942
31961
13837
54122
3941
48771
16681
59647
835
40778
51439
43537
38507
59815
48902
34487
29345
54505
9752
59567
16279
47170
47046
11840
55700
7409
39506
63869
38244
17039
36711
10185
59630
2063
56051
44892
48296
52261
1502
41126
41005
13459
26895
47096
29010
38765
32978
64670
32742
11653
33785
258
25605
49958
45006
16094
9937
6565
9149
33393
58456
29651
36936
9643
17488
26624
12964
31118
22388
17310
41595
13598
62819
20994
38150
58162
59133
31593
20756
3394
22752
35301
32100
9673
10525
13118
22833
55011
5923
48778
33170
63474
13649
4020
55323
