1024
0
4493
43070
54817
52764
54335
61083
41559
55508
23852
5459
5618
31121
13332
14259
61926
51349
20518
60030
27168
35451
17783
48295
6968
44505
15761
28896
59500
48559
13615
1491
35508
11618
19891
41291
25459
45009
7475
53121
33696
13944
6928
125
55301
42912
2480
18118
24779
64659
61396
8154
10143
33200
39903
1894
44396
45804
56854
11773
22652
46963
61137
21971
38803
52983
35445
41438
58214
55870
39792
51015
19960
50627
43430
18597
57162
35424
47570
48702
33374
65148
38063
27704
35711
41127
57756
42802
26614
24122
5948
44139
42872
31708
9995
40097
33871
45669
37324
50705
27663
63988
47674
29494
7865
47501
51538
33128
39595
54499
39172
42643
53850
13738
51265
49558
4353
22353
44775
21122
836
23033
14592
27809
51958
39319
40729
40667
3128
23801
37930
9699
31352
26294
24784
51134
37154
29097
52737
60872
58374
10967
6760
62138
54620
25792
15916
33717
24077
35099
23715
52499
63142
42732
3809
9280
16706
2038
45692
19403
27543
64046
6271
29222
2140
28516
59635
1862
4539
49043
6049
4004
60128
49146
1510
19871
17229
9935
44761
63873
52326
43354
22886
14167
4714
4438
14159
46746
59252
53481
27602
29529
16115
23575
55654
52990
1919
53748
36478
44167
24573
44011
40101
51193
19299
59911
22887
53830
540
21138
25284
59230
24049
19339
26319
22977
10339
36606
17665
32951
23526
9272
47811
39688
1584
25425
46276
64855
62370
57832
21931
32384
65268
14622
46539
1972
27946
54728
44430
4944
26426
19224
55894
47256
7337
18698
9261
3631
31894
9055
31677
62732
9927
499
14670
15590
44004
57336
61724
31615
4889
6882
28053
52017
55094
9315
958
12521
17387
51584
1184
15685
14281
2973
14904
41251
51056
50445
56987
38897
6601
21935
3231
7301
59906
53547
40030
65067
42187
5895
45071
43918
57361
23316
33283
8238
28227
11913
57845
36174
42105
51402
12870
55862
58617
51621
16887
39947
3557
5174
59656
478
17244
9545
13168
7762
14576
36070
57177
51482
41798
53798
40101
26743
29670
15478
53615
60342
55302
45891
19016
25919
25347
43913
54557
40836
8069
13008
41973
5639
64471
37179
63644
62948
29999
62782
62987
19304
30453
63371
5635
20672
4229
40571
8054
41270
21506
63276
60868
7829
2785
2372
54557
40524
9052
39823
37665
41606
12564
10385
52674
22392
22022
65099
4935
43843
46315
33957
15664
48727
53411
3246
59597
14873
28632
19963
20290
36626
17630
313
58958
28474
30357
5236
43783
47395
12335
35978
28319
23961
16804
14306
7776
23582
18000
16875
18634
42715
53423
26059
41759
46037
64223
2229
39460
59202
51670
49090
33743
63281
17244
53151
31396
56848
48350
45645
45000
2746
1562
50440
62509
12454
3449
54249
64252
34246
5260
36352
2866
50986
39795
21622
48559
2011
60943
12795
23256
62184
12904
18097
48529
45363
47447
35994
10407
29482
22046
36095
11963
9506
41046
29770
24112
5245
55378
15448
48913
41246
56602
59428
6437
48711
57608
235
35307
39268
53575
16680
6757
58386
6071
61491
54493
41154
31517
56556
2929
62414
4014
11722
50105
60404
10558
52001
15659
5823
60982
36674
32419
16578
40901
56666
43306
38215
42677
60650
29513
20799
18494
12020
6932
52520
63237
56064
5716
63969
57185
54599
38910
11610
44698
43076
39491
38600
36015
46891
20687
44408
56397
7614
65469
51795
9624
15991
40954
10936
12366
30946
49748
26697
38428
58483
13401
43975
24233
12202
28419
57415
43704
54722
5511
60783
22639
13981
14514
22798
37125
42044
33617
4229
59455
61228
56477
43477
30058
8784
41432
22664
10696
51286
59692
61587
34244
39846
61045
2651
47455
50607
22504
12592
23088
54683
9801
42935
53945
56661
38537
7209
2234
40862
64000
7813
52780
35789
57467
7551
58377
37519
19389
6527
21610
43207
10831
59549
10896
571
24889
2773
32177
15519
6731
19305
40797
13545
8541
2709
383
64064
57040
39741
20808
21745
55175
19366
50849
31531
21905
65463
2215
39079
42997
58039
35950
7671
32081
35295
26958
5839
34659
34907
38470
14078
31842
59577
3825
36361
33434
54041
12258
31125
28377
63413
57369
39417
27024
5129
61045
64696
440
45003
1937
23838
51858
12222
22081
30095
24770
19867
37933
60239
19167
39627
59587
55729
23463
20075
23196
44792
25229
62180
45922
58667
45448
44392
5629
52995
16570
23525
44900
17052
32226
15094
31723
32780
9597
8100
33933
19814
37621
7602
4208
13094
46576
50099
52777
29253
38802
30687
37669
63737
8222
15423
19687
47333
28835
45184
39723
24461
61671
29333
25318
31464
2658
23756
38044
12382
31459
22909
8559
26989
40748
6987
22710
39539
23843
12257
7604
61704
50070
43975
34190
59837
58926
40562
46714
42238
49153
36530
44648
44969
55150
46000
3758
43538
36831
2065
43877
20165
52112
52993
946
65111
59315
50699
14952
18168
51969
55478
19311
58412
40703
50430
1845
30800
34794
20381
26520
10347
8653
13474
63316
31515
48333
46178
33998
35614
47508
4526
55695
6352
54653
46962
13061
47563
38548
34202
23136
28382
34879
8551
19682
38072
54334
50604
25568
8556
57138
32620
10752
61940
58565
36616
64317
7202
51869
50780
43622
36725
17292
4877
45236
42225
57220
42512
58909
10783
47231
64003
53590
47777
57363
64521
23882
23113
12762
951
23508
28528
46269
50344
32026
6024
24350
275
31008
59703
61885
9618
56427
53736
26403
45148
43602
15705
32363
55096
38103
1548
6620
3857
17437
24959
60480
18874
65269
8226
18914
19150
38766
17956
23030
28248
34239
22019
18510
59671
45731
4813
15298
41887
56372
58164
9060
7415
31347
9812
37759
63551
59983
33518
933
62268
19502
30902
45782
63054
19542
13589
28804
37442
18422
51058
32917
36895
34046
31330
5839
8467
30816
683
47338
52790
36566
21266
1859
1634
47896
63681
16204
39556
34019
41029
1734
33996
44516
31767
58883
41446
4814
60842
50292
44425
16682
2243
51082
37282
24859
44297
49899
57592
55895
3129
14246
56167
64837
41823
22564
62728
45997
41060
34332
13006
11676
18631
17586
4861
23766
62670
53329
22376
17116
63595
26030
50953
59544
46953
587
15596
39053
27363
1461
14796
13099
62795
7519
52803
7554
47869
61043
26082
27454
49645
10851
60832
15245
16414
19959
5754
15900
6041
42220
2299
29688
11172
18819
3861
27298
7850
17585
39130
13931
10267
1217
25372
37569
9287
16216
16074
5771
19151
39195
6102
48353
65338
55700
10879
25658
48382
35228
44325
30396
20583
25990
27673
33637
