1024
0
14163
21223
5243
54464
13531
2168
4967
5141
6910
28054
47105
23198
1491
8454
63947
47996
52241
833
56006
16715
28939
35582
10753
7477
27856
31542
46631
8143
20429
50411
65341
28393
2830
30621
21164
32077
16196
972
50736
22983
37805
4874
35891
21044
52742
6843
22535
49876
42076
18175
4907
9715
60148
41266
35957
2252
6759
61785
25311
30391
35368
48411
56544
49743
15374
56776
60342
1430
54567
16042
34299
3671
15717
58439
36946
2511
31676
27880
43794
35248
41755
51445
46764
52818
55256
50059
6145
3324
54035
27801
14552
56033
19961
12596
46928
43500
51432
40603
47600
54472
19390
30049
21803
31987
31128
21503
15527
7675
32276
4112
53347
19165
15737
40813
32621
24491
12704
22448
27773
14598
45934
54694
3896
48780
16436
62280
24455
45856
37508
49690
49345
54405
58342
32232
22836
56876
17785
13098
37756
23499
11354
697
44608
45731
48619
3401
11105
49397
25552
2572
36459
1453
58441
12339
50871
8572
26063
50911
60402
41608
15375
60913
10179
10600
51445
35109
59373
27864
28348
47905
34890
39356
47770
58273
43574
62094
294
20875
3413
17627
18485
58867
33558
22310
3428
45714
13303
39237
53962
51095
37382
19560
42569
35019
17988
36133
47463
27087
31381
65170
19009
5929
3668
61765
50977
29851
42919
14783
54229
44958
49465
64266
45610
37859
28429
35118
35416
48210
3571
12898
34434
12089
30911
43261
44378
75
8918
6232
39962
2527
41988
46920
25512
47450
18582
5724
58767
27338
2570
62359
23355
55707
37556
28355
36030
17363
34941
54943
47345
3875
22532
20720
11957
63016
45171
61545
15361
35239
58609
7069
59219
46598
20526
39014
52910
36120
42378
11890
27788
24217
22317
30158
53015
57820
7281
44392
55883
27218
3519
9041
31429
31903
14638
10818
51516
16703
34875
17506
58281
21191
3158
40638
51414
37059
124
32634
2518
64854
34807
30350
53775
27341
43494
17680
24230
49138
41723
29320
32632
53054
47095
9703
12518
727
55212
25492
31944
22393
27505
60986
33732
10566
20208
49223
35596
63000
31492
56998
2488
38019
30205
5661
60097
31782
65155
4290
45430
4762
65104
9761
38286
64360
29907
58711
10088
38838
2743
18287
42284
55232
60638
48231
65238
54965
44669
55289
31600
37023
37051
44446
11625
48758
14525
5903
36880
41819
63094
36874
31335
49934
5316
33250
53127
28133
8594
35917
42351
23325
3370
11415
47047
22847
29987
49981
22526
16303
43929
57908
60985
42854
41499
37430
22310
28689
64130
31322
18916
33136
17429
7589
42224
64230
356
13158
61303
19536
25720
17723
16972
49017
26565
63974
54304
63037
4054
51337
40542
4276
38389
11008
13508
24644
3881
14146
18395
41456
64369
2060
28506
24540
24475
45407
58883
48724
47646
57347
59665
9699
11503
622
244
61215
52230
24483
59970
16663
39651
22067
16329
807
4892
54861
16135
45200
55199
38391
24543
1930
19403
16732
21585
20635
9610
55437
49105
61874
11881
40734
29676
9311
10273
48092
47780
4049
10399
50752
2125
31941
36642
50458
4595
25328
35467
7522
5202
15525
10696
21223
51361
31715
15572
45835
46594
26202
62232
51902
16903
7517
52523
18157
14033
7227
32640
46283
61103
14264
17874
44513
26067
49083
29910
65423
7379
35778
20528
32975
61552
17490
8369
34721
22841
15907
42214
9559
42198
55778
27385
23101
9052
49164
11731
22975
33535
52367
17655
19807
39152
22025
7408
43726
59713
23631
59517
16452
22729
39820
3219
49535
8031
63278
17206
30721
21348
37369
4647
53660
54983
7975
37295
38922
54582
43337
23277
34129
25951
48598
32211
23425
41768
61670
30782
27602
60976
62380
5692
19285
22494
2493
26171
44644
25434
60963
26432
14078
9566
55843
39271
5979
10316
52362
56655
28057
52485
31879
36418
65224
15961
3390
9995
27093
12758
59866
6865
3861
13606
45200
6116
54609
29844
19328
37897
20509
45804
56381
41894
9599
20018
42430
35633
48076
49844
35740
44577
27039
65174
38207
50512
52752
56263
52621
60526
46335
25831
49066
33208
63970
42976
22993
33155
39780
7522
13908
52856
32776
55414
47657
7428
58288
192
59707
43410
29278
22006
36430
2727
63202
65472
42411
40433
61591
21224
35501
29448
62976
7081
26677
21668
11146
49063
41766
16193
58412
37202
20616
59779
64369
61288
1330
44010
34854
20379
45694
26351
51099
2270
28974
55415
59468
61770
3272
60126
63620
44805
4171
35601
60773
29223
60860
8549
35248
45324
22087
29556
54271
9848
13534
30753
57240
7727
8866
17712
16250
5365
15795
3322
60876
54168
27573
16817
47349
3758
35292
33439
2187
7876
25533
31314
9895
41092
47107
44132
55935
59085
47310
24859
61178
5812
51135
28254
5790
34175
34647
50312
46899
49581
18912
4434
19205
56067
41022
57659
32566
35690
16557
17136
52864
27823
46580
916
4368
50660
26166
40210
20786
40388
1862
60749
32122
57366
38520
7255
6170
60479
43848
49548
13699
27084
7624
12205
58831
46352
34940
5612
9402
21365
42040
17588
8860
30579
11150
33928
59198
841
35712
9223
45634
54555
64739
4099
18571
41651
39261
24552
52378
2831
12354
50052
63563
15572
63730
26404
11955
64386
28400
51881
24803
57767
45087
32054
35240
23993
6455
48108
8560
53001
61862
59373
35152
37256
1024
14524
779
20729
18612
13072
4075
7430
3994
15639
38319
51760
39528
54712
57561
20658
50707
22736
37433
59360
47265
41099
63557
10832
14646
45056
25493
36204
23003
39357
3861
16379
17277
42422
9567
39912
64960
53313
22819
37135
8392
44270
40392
5987
38835
44023
51582
22495
34730
30026
12868
10777
46720
65121
37939
14565
51133
2606
16988
39123
8793
16154
25674
39523
7105
63482
49608
4932
50299
261
36425
18112
26635
15547
62382
39402
56508
51748
51002
44836
18838
34518
16885
36839
830
26078
58899
27508
23827
37288
50957
24722
32246
31695
29823
41605
42882
56755
48796
37982
63883
475
40068
43742
35186
4139
2901
2638
24393
6840
42998
21616
23334
31352
6994
64377
55143
60353
46719
61392
45267
16204
17592
47065
7948
59705
47952
62611
48957
57742
37103
22729
13111
18997
43982
39978
11075
26072
24695
62640
23641
32135
3757
58547
46254
63114
12359
50742
50370
49234
47317
24380
47958
34548
30765
6100
5136
11320
62393
10794
53763
36332
3453
51716
53672
9846
14211
15177
48672
37187
59696
35235
22548
50699
50252
7596
22780
48407
41937
20384
11496
47490
37055
59281
1311
55680
36902
62082
47689
54353
28973
38770
54866
16742
