1024
0
56294
61605
11047
54729
63769
1793
58257
765
48399
38645
9101
55559
15113
3941
30946
51561
15659
44414
1021
44887
30758
10021
21400
7723
3829
22421
30502
25390
36358
61432
30984
44760
12153
8903
8842
3780
17603
11276
12486
3012
7799
39017
59643
25575
49931
3874
41809
39161
52316
44988
6037
24945
53786
45214
5030
43067
9041
51149
56215
55675
11702
53313
58391
7970
22904
55709
60254
12098
60765
42194
11355
63877
13380
56759
60503
24982
1658
53729
23249
37884
52156
4469
59697
41410
9077
17000
40276
57441
7621
43774
10067
18593
57470
54628
65509
60505
41171
18779
53205
59114
18891
20426
43107
32733
19486
52665
15352
34563
26166
24519
24520
10395
4229
65247
34815
28759
62575
28323
45697
35564
37321
57328
16638
59282
7181
22269
36622
43674
24220
38036
53315
57757
21443
56087
29575
54905
23531
52545
61709
7693
61218
54266
12454
4583
14369
25625
57365
30655
927
28512
50037
10424
20687
54661
46418
51413
60216
33253
24372
22291
3867
54067
38349
61030
6292
37919
61937
53007
30737
13135
24806
49776
49055
12944
45648
13338
13461
61987
42717
58551
2401
42852
44019
28069
17678
42257
17127
46323
64512
54600
2443
40424
46088
6077
27963
44397
33413
18722
52997
23807
55099
63907
15151
18527
1362
26611
31118
56412
39338
32298
51976
54596
48670
9008
41305
39761
40686
33670
30079
55459
34464
43141
39024
63218
38133
57967
35850
55537
24770
37937
46942
27850
2860
36219
975
56785
49074
57664
49814
1351
17639
29616
19024
61636
49485
57710
1438
61574
61820
57097
13313
50170
35245
16610
12098
36690
40737
37400
46437
50203
21067
12401
60106
17146
18599
13337
17486
45395
15289
20047
61564
29417
21583
75
61617
34923
33913
44132
23195
34856
30040
5275
2731
55384
40053
8238
29433
23671
39760
60594
23277
64863
56900
52046
2168
58468
49156
10441
45812
51356
6141
11959
24375
6326
55262
8253
12639
36859
35537
38589
49863
21715
4047
49474
40841
33744
2092
22515
18813
47204
48379
64928
36013
35815
32625
22895
44228
25348
23904
19645
56378
19684
736
51016
57441
18734
16000
22684
46120
61941
42022
2604
945
53895
4674
29773
64592
45964
61929
51663
17898
32855
18599
23804
46097
18821
44070
4164
2313
33819
28572
34697
5366
13091
35961
34913
32716
51384
26528
14577
52524
12666
49749
35521
50105
42284
37535
34483
35542
18627
48487
39350
13519
63997
22256
6192
15878
27820
24280
59362
25091
63885
17914
16574
51251
2807
9351
25135
14957
41419
34387
35138
22871
18892
25492
26393
6454
20106
50002
54335
39140
11309
55383
43075
29346
34188
30804
6212
22343
64874
8419
45879
35925
48872
29377
28423
17705
43788
12947
48986
4094
39295
47625
58841
11742
19095
24575
47133
2380
50462
61222
24698
11023
7493
3792
12384
7991
36548
8698
16522
39357
40800
8984
27959
48888
8663
4269
45107
17266
13961
10275
61727
15152
989
19752
29749
36364
3790
4752
25840
42354
34916
55579
25161
53588
32505
12958
56711
31557
13850
12366
52372
40576
10320
55406
61499
38652
35709
27222
12535
31740
36899
56154
38835
8160
25246
6833
35104
15799
49894
6652
31795
3513
40536
34173
23236
44888
62863
35307
4552
54067
51966
20839
51437
25924
43380
7506
38941
42573
10924
63901
1586
57564
469
48385
24821
11861
38933
4679
12409
60998
65162
18342
26422
58978
29332
47364
10939
31408
58739
23281
16275
50393
18
16004
27232
48637
12474
38156
41929
47578
44457
58238
52512
65392
50317
22697
25822
58695
18118
18148
36111
57549
26711
61120
24432
43090
26685
63829
19287
10646
42257
56051
56655
17273
9552
33549
35600
2689
17099
49248
44161
36287
55425
2248
32106
27766
29530
19687
39183
23423
39610
59978
54490
38190
7635
55404
27257
39276
57550
61979
28238
26020
18140
39274
59024
3341
55904
52516
2369
65398
59504
7326
50575
21016
59588
2827
42703
25943
1545
24680
23322
9625
64728
20026
13562
62865
50594
30245
2451
1915
44819
57675
65270
33489
57392
42688
30443
5610
28392
64753
42701
37154
27032
56921
55279
17432
63814
48265
29196
35477
62532
64213
46059
63814
9168
56997
24528
21779
35378
50924
35324
25972
53241
25808
46379
16734
59966
44846
35803
37259
64349
45214
14254
24297
31102
9407
46294
51119
25245
60286
16389
44475
62048
22888
20056
3274
62065
42993
22025
3218
50229
5964
3440
18968
64340
1802
21497
57227
4291
62902
51298
30308
20724
38021
23799
2262
51063
10753
12879
51331
19111
50092
51714
39406
59903
24502
44624
40252
54549
47881
12542
59674
57750
39431
7765
20143
8724
38054
13871
11243
36222
65234
25577
8696
13401
30135
31311
44808
46489
37698
7539
15453
6096
36353
8242
41880
16425
53404
22113
16255
8010
36347
54777
16079
18563
6204
21503
4259
50125
14644
10053
31715
25877
58470
11795
7980
48325
16150
15578
53648
46077
34659
30482
42738
12928
22592
36798
33434
60436
10538
21440
50236
41737
54106
30981
23563
32846
20941
62702
25895
34736
29005
64536
16655
51357
30028
2691
63371
13130
43644
8335
61530
24251
28025
26442
16102
64628
19399
9543
55940
13106
12837
34404
53724
64874
1680
6644
61922
62543
47366
14164
2255
19735
15823
21472
7781
53881
40725
28919
61051
23684
54222
7417
15038
58268
2100
36776
50748
23523
35252
15650
27644
23301
26551
29174
13341
48807
65463
52484
46046
53204
49472
18961
33551
14188
20314
14479
28544
56965
6591
52671
54251
54745
43704
18324
18931
37022
54335
35049
2689
60203
20889
36272
45320
43918
13000
34497
32604
44722
58357
34864
48804
45694
28650
10261
13334
20239
24679
57787
18688
33891
31128
10869
37243
19592
49552
31444
9752
54068
31058
62020
55722
333
30073
2785
30787
30322
32349
19544
55936
7079
32504
12037
19781
21483
45045
4317
2709
62023
64189
29461
17491
26999
27102
14608
31704
10979
2188
3052
41224
45608
58686
48464
24170
4052
62401
47098
30299
52883
4286
22944
29193
57186
64577
63683
53525
13033
36784
16322
53525
7432
11018
44925
64870
59846
347
27176
27662
59533
4264
28323
48123
33950
18912
16268
62897
37464
18319
19206
64586
61463
50041
59214
26336
26022
33895
20444
5151
11103
35840
44052
4494
53295
25340
64212
16895
3486
360
32931
34975
37773
506
40786
62290
1490
33004
2021
10364
45251
24844
26895
25036
30722
51046
35659
8262
24155
45243
42541
37887
46431
22531
3986
3551
40861
59984
2425
30146
63336
48601
62507
21304
