1024
0
61312
43138
35694
64787
16646
47676
24964
55326
19086
27622
51744
14073
58513
56522
17149
18853
36503
25764
22820
34911
47174
37325
7626
52690
19115
16187
32150
55708
4420
49409
26809
18928
7204
31888
18884
15944
47516
16753
10753
6173
44343
4448
11727
46010
15507
55646
19297
8033
14136
56271
1128
32831
50047
42533
45528
40248
61360
30062
29403
30926
35784
21711
11562
53271
5652
49090
17397
57477
41818
47080
24689
20213
27717
65057
33131
58236
52108
18080
8162
1182
31631
61339
59990
30014
9113
30545
37580
23182
27415
28290
41133
42664
5351
20535
45110
57710
62263
33658
23335
12152
57739
60391
64605
41409
3859
63047
3941
46540
38768
18357
23571
22328
61189
32493
19999
39840
46799
41821
51474
63384
65466
13692
17788
20262
41451
63774
37298
41289
56482
47147
16616
8093
45333
20918
18630
31892
24503
58829
22825
36115
60377
60960
25243
32646
64284
3569
54022
44181
10281
30092
36417
41769
53045
23223
44724
36723
53848
39743
60577
7417
59834
65485
22476
26551
24635
62269
818
53385
46036
49091
14143
61101
10459
41076
28031
52993
21606
41647
52410
19597
52314
49119
37097
56381
65065
33639
30945
65021
54142
20461
30672
34925
56126
31050
19892
18635
45633
11518
24986
29504
13931
55333
8428
17488
31540
33155
64956
9662
45227
16075
18825
13910
47744
42096
25931
55024
56843
16145
51523
27450
48157
21883
39659
62781
364
56638
62956
64071
36165
44045
55887
37371
62612
60719
32198
43488
3336
22195
3907
39224
18280
31626
14695
45615
29053
39904
31202
33647
65280
18054
29873
47071
40703
54839
6333
60441
31621
17099
21792
59667
46095
64399
29530
10976
64978
56866
38796
6424
64353
6762
44509
28840
7928
45707
8555
23350
1511
42459
57948
22390
37108
6352
4451
35944
6599
30146
19220
22296
49963
1739
44533
34588
47659
54893
35895
8077
8019
30697
16544
51222
13216
35958
10369
16201
37567
10636
64925
43117
28567
29287
25788
32207
63705
60354
38205
8218
31425
55788
34111
45035
31580
5894
53912
63516
44372
8545
41981
4899
48493
58908
50030
49554
153
33092
17761
50328
39751
19891
31577
61992
61346
37151
14398
56631
21023
16910
62926
53195
30655
12254
24618
19015
62317
7540
1043
3071
10256
54086
50280
2175
24672
23777
63925
4911
53702
17420
11434
43447
41660
1665
46530
50739
60272
58484
13944
14920
62906
19795
44590
44736
63874
49086
18729
42492
42252
33379
37626
34571
43428
3114
33804
61300
57083
36385
32052
9554
10735
25563
9449
4874
978
37530
6941
62017
16693
5987
32082
4663
46438
45443
32272
19967
65202
59147
7988
15085
4008
40378
25869
47356
16820
12720
12956
50764
3585
10434
64845
834
23576
63162
32306
2414
27397
1350
11205
41665
5989
35345
12096
49172
61165
64436
64657
35390
62652
37326
61535
21384
59226
41825
31753
60962
9944
35588
8786
32514
56326
57582
27001
27194
30077
26784
3099
55969
48477
30033
2907
16470
346
56290
21424
58129
33629
39668
50012
55657
52358
7915
62139
5643
36397
62834
59866
22862
28624
14383
64600
13325
15109
24867
33664
17017
54370
38700
18169
50651
5297
31520
39869
3040
46522
38619
14767
18852
58226
60263
19453
64335
27309
18852
11113
48170
63529
40850
3765
29530
17329
18754
33441
7718
63487
39236
36839
11290
53194
53206
41269
23815
20039
52156
34156
14649
8667
20112
56700
48779
26202
1065
30154
27575
27404
47820
15461
49608
13155
18802
47600
41356
4747
5361
7960
29709
24954
51593
49351
41257
18915
25525
17155
41242
27956
43322
7483
29315
16852
6457
8395
52765
51078
22113
1369
33140
15714
45534
41652
63374
44119
62705
16456
61941
13874
25967
23653
42338
33501
16804
43755
48582
22366
49685
24477
57157
21563
35476
3960
50380
45997
12328
51649
51397
29776
41983
16142
49056
43070
38992
55751
16235
15234
32245
19569
34781
54565
17539
51228
42236
14286
11377
25941
6747
36339
37797
60955
22263
27953
41746
30424
55937
28357
23972
63951
49335
24362
2364
15991
61295
18162
37823
45743
27835
6363
40155
8701
13886
3101
26346
4704
58561
62670
19916
36836
57425
43672
50036
4019
20141
19114
9983
25299
12041
43229
48867
7884
36769
54671
32825
15891
28384
46914
61564
10562
50807
38164
32758
15433
41382
40253
46383
38319
54870
33124
55292
15472
15735
23234
41664
31917
60292
11081
58073
47490
6114
59192
54964
24502
38727
52613
40492
37146
26196
6249
42736
1276
12986
32980
28787
32011
612
16008
43596
55790
6712
3720
15582
41856
61531
44305
51576
2919
8527
33411
8829
34247
48327
42346
31996
14657
4630
45703
32695
10523
19356
38998
45854
52455
54456
26023
3388
33425
64559
14185
19221
40114
15596
62362
33455
35625
24426
58707
41085
9363
49108
32908
8171
22971
37184
31281
30841
16221
20662
37692
14687
20367
43953
7075
5862
58705
59566
11699
29986
45002
13722
63242
36468
12238
49416
6896
58128
43871
36089
25787
50628
13202
54095
59700
26686
61902
35485
3500
24409
63950
21016
1875
53245
54885
11278
31202
10207
22374
35212
54784
40479
56139
65323
13547
59387
593
28772
60626
62432
8401
1501
39646
43502
1182
63823
52520
57656
37237
12532
59533
30419
22875
2711
42214
30593
60821
59184
54241
45354
40912
60188
64509
19002
35032
24831
32852
35571
7708
44532
39312
10257
57618
12717
45806
60549
57605
59099
37113
27328
2894
59884
60201
24818
60920
38873
35338
60277
1651
20215
28515
2144
14727
4524
34086
26641
63986
64764
16699
11440
55378
9210
16413
31929
5053
34360
35531
32939
30204
20346
28924
26273
5102
23359
13757
2342
65506
36780
1322
13690
52297
49106
10025
17518
37840
12544
18402
54607
26268
13224
47249
5022
59092
13804
14258
40899
1899
21591
2721
37931
26751
19296
1996
41722
19551
56874
54181
45689
57375
62975
47364
52592
64611
57032
61339
33193
63904
12965
33523
16963
33032
55010
59563
48282
9856
9979
7913
14968
9758
35910
19355
62231
43413
64327
22316
22276
64250
21469
22018
33409
8469
11285
10304
54617
26606
50994
41808
18210
46940
47462
28064
23253
1998
17196
16613
32163
14151
25311
9135
38606
42944
1779
26819
12310
30257
12999
40174
55369
34324
50850
33240
21056
53360
14749
28011
1813
56416
13400
42182
11120
18063
30303
39109
37403
18034
38486
2873
65108
52693
14339
22247
15641
38973
1165
4770
35049
19402
58404
44304
37602
60779
10371
38346
47198
10335
57045
62072
57114
47803
52684
34345
27380
33147
