1024
0
54938
1945
51276
14021
58535
59843
14633
52402
1007
3413
28373
16832
32769
1889
59480
28563
2700
30742
2852
43075
14806
25844
29147
29108
42729
49867
40783
49311
46711
21609
6828
54367
55925
8204
57765
62243
2281
15823
17170
63705
21882
20765
27364
5235
33109
47508
24285
8939
49612
32598
29669
43948
36868
42329
37701
30673
39860
4594
56797
47489
38022
59279
29056
59250
8133
16484
64525
57660
50000
62783
26976
8291
9239
40363
31965
52014
55450
9531
44987
57152
16937
23610
61178
19570
56435
45438
17004
39140
43438
31844
37178
45171
12610
38065
13820
16486
28917
33949
9935
24272
16791
29176
24757
50981
1094
57859
27469
20561
37416
63333
32077
21830
58251
1663
64292
62908
56548
14103
8978
28201
27403
35746
45833
14529
22564
63185
25369
36858
54742
41838
13075
60962
41735
38068
33311
21256
6440
48353
51393
19946
34661
17476
8940
26363
32611
1089
7618
50656
20724
7900
56001
29588
15150
59592
36714
2509
20992
22687
52441
52014
59242
39496
9002
63873
2032
27048
3097
44852
24210
60178
45200
50043
39889
19649
14386
16205
20540
23339
8033
9823
7839
1371
18846
12354
59080
59270
11136
22148
44729
50565
2453
19584
16663
65347
5606
53636
40549
53344
17297
10508
22098
47643
7969
60583
9930
52211
40956
65237
50997
52631
48980
61050
3079
31386
8033
3533
4111
51003
65422
49209
51215
63120
31722
3054
8086
9004
54522
19334
29195
60615
45186
62418
8843
26540
40428
49307
13960
52897
64931
64798
51326
16226
20604
29277
31309
33961
32993
62208
50230
18328
50517
4577
31612
46020
46033
28924
43448
52568
7591
51721
31463
44926
7140
38888
2845
47152
63788
49210
63966
44545
54897
48151
12907
55903
21236
62500
38552
55912
52519
1115
45224
25566
25816
58669
40322
23163
23310
6346
10593
23375
28060
16798
35716
35331
58041
35325
61029
15204
6995
43600
15810
32803
13965
56010
46425
30819
24670
54110
14473
21785
61124
60822
28020
57468
36382
39798
21427
30675
49929
36687
49220
38526
64700
43876
41213
6482
28333
42042
11702
27489
22311
4597
18626
14351
60581
26596
23021
35240
15110
52265
16091
46723
7172
64641
47179
7470
39700
59014
43149
52745
37589
37794
26480
34719
26183
60151
14950
58214
31206
49534
7883
44112
28614
14149
19627
38317
52002
32845
41328
30340
36745
16917
1065
9333
51011
32472
44573
15956
305
56211
3177
61819
5432
57668
18185
27979
48988
20832
49597
30009
10771
29512
13446
7283
16002
49791
65187
18881
4506
10187
42210
61509
10511
20156
2668
56566
760
13133
51085
54218
62370
24531
32055
8569
58514
38123
49019
64590
46753
26374
27484
3473
52995
39198
40133
38003
13390
31994
4676
56872
51580
44663
44459
28186
36734
42045
60931
54562
49314
49187
18115
49532
47682
35174
2712
34729
33603
50057
18949
23034
12851
44000
50735
19488
48919
35571
28282
15102
58511
27220
38922
53666
11235
2515
820
8639
23908
2011
39954
2131
10287
57612
49377
42096
30035
40035
64956
51760
790
24047
30427
13931
8730
46757
62827
57635
7842
48994
51507
30136
63880
26444
29320
32729
36579
6469
30780
22918
32690
16585
23363
6725
61876
3518
51
8267
36457
40405
64074
5619
15331
28559
57988
538
58495
35613
53166
38519
62545
1499
39780
3658
21828
47056
43315
3397
59149
7155
7499
5077
50768
45635
17616
16357
20973
21399
41860
9986
5933
18352
24892
33820
53322
33906
2364
2038
27178
52228
63519
57584
16406
36757
25465
48111
26116
8455
45078
55249
8225
36574
27662
35137
49652
15212
13969
57207
62590
65289
6139
12845
33202
34348
38601
41833
30465
57619
17695
60310
63406
63182
7664
40351
1165
629
14336
4588
52497
37206
1198
53525
24959
50942
37527
47567
24604
41278
28053
30454
16821
44323
34125
48427
19461
9666
48801
4923
10810
37043
17211
22726
33615
56568
56574
19947
29949
32583
56089
37471
25373
15312
25228
43101
23892
4227
61029
46417
34853
29676
36474
51290
11186
64444
11699
49270
53978
54792
52112
39557
12800
46789
19284
22602
58288
18833
11830
34644
24778
43238
28755
26905
15924
32231
30634
12195
34486
24597
50603
12956
30189
24699
36947
5414
19801
6281
28024
63466
47192
47947
25779
33976
42716
54934
64460
1140
51400
21124
17862
49792
36195
47505
13071
51618
45866
62537
507
54699
40727
11317
10139
50516
20963
22851
11589
15428
20814
6320
24054
3382
32078
48073
3873
5581
5552
21794
42128
58617
21979
39685
10891
10988
22275
16140
11827
20237
15052
25502
63400
36203
21899
55865
21909
65187
47441
44593
8617
5234
3347
7790
49449
28356
6085
18536
20627
42390
64380
31519
63867
51659
61888
40186
4325
43671
29347
25919
43608
40593
32382
45985
32705
3330
33178
27457
52992
19021
37547
52342
57956
61271
141
39622
15632
61856
10855
34062
55431
54851
29326
7559
56425
57403
59749
3611
51226
28656
11080
37661
35146
15298
49370
20474
1230
22861
38508
20281
3838
974
62848
816
16475
44513
32971
35489
20719
3425
54576
65007
23007
59845
58270
26348
53798
45388
24651
27154
22040
33141
24993
42788
25885
43444
6263
15634
38512
10746
32814
24571
27503
36757
38697
45622
19163
19660
9371
3903
16756
34802
22133
29282
39577
47657
36075
30997
20684
29337
48941
5722
4830
64732
12083
54456
26585
13504
18690
37052
14798
30104
2800
25672
25748
31297
31893
11808
43010
2500
962
58005
52376
40811
27229
56446
6390
62210
22154
6956
47738
48154
18440
34660
62692
15619
6730
42479
49141
43202
52761
53503
9618
13255
11188
64074
59822
64797
60464
54695
44117
41655
28064
58498
51867
4108
9558
57881
60530
20162
11465
53623
47999
16294
42663
78
3044
44920
26459
57926
13407
31167
12987
23912
42043
26793
1500
5150
55642
52267
61899
6253
1172
20446
53361
22174
25614
15431
53464
2267
43107
52800
28673
50195
3532
49325
5656
46829
198
19740
56022
14773
3
34342
24608
10381
36706
34526
63307
18739
37227
6273
42981
38371
48920
23603
29008
1749
64192
22545
42203
53016
33929
17180
6550
50658
60095
61993
910
22333
23174
30792
13478
30132
62146
20337
23995
36330
27978
9332
49697
48969
2966
37154
28652
18628
25184
39703
18088
54890
4647
56011
792
15020
34665
11532
39549
17295
18270
1606
51558
3096
15478
13320
51973
16932
13572
23007
3427
29549
52020
28347
39297
59296
58187
15311
27879
56700
65112
7749
64568
15028
48542
34670
9711
17213
32656
41312
11057
