1024
0
9976
59974
16279
20037
46715
30286
8301
62405
32068
723
44835
8220
4826
18182
33623
9793
56966
25442
60786
56325
18235
49169
36790
38123
13770
47442
34614
60253
52667
11590
52560
29166
53475
10006
24936
426
49856
49203
9143
6661
46997
48868
29167
10869
46706
20063
61734
40161
29951
56508
45916
57086
15461
6829
30761
25851
6751
3703
17857
45387
13105
10099
65509
5573
22206
45674
6176
51350
42564
55810
41700
13011
45135
59799
41658
12148
54134
18780
37611
36318
46563
9919
5911
2683
51165
45966
41103
29502
27073
9877
20036
33360
38824
62891
35570
55473
37351
61404
30469
59636
8560
62561
4077
37922
50160
62478
14783
38534
19281
30136
58135
13844
3870
28296
18806
11962
17816
747
58131
53617
7541
54087
50034
49646
38142
34898
450
56163
28200
7650
2600
27357
16980
54276
9395
18952
12781
32987
44929
48012
3917
19497
7058
60194
59477
44649
47043
61063
36988
11484
24400
9292
11977
12331
4496
40935
39208
53901
31140
29767
16675
40778
11449
48737
11781
49288
9033
28866
31848
46972
33138
17305
12985
49675
52943
37943
22039
25965
38318
44283
15559
49999
9861
22091
5471
13649
35031
9371
48151
58832
41227
55421
7942
23769
57048
8003
33421
2081
32266
46679
44132
19663
25573
55161
32112
57931
2256
41103
32916
791
33780
18449
5779
53152
1368
58389
15063
8080
62330
25671
43203
26845
62529
24694
63891
52290
50571
23714
48447
3024
23168
23734
58429
33599
8246
3227
35053
63817
6172
60177
2387
13020
24451
4744
9888
50714
11467
30026
53482
64019
8468
40371
3906
34857
32766
26657
34408
57487
48386
58055
26188
25780
42403
60332
38668
35530
61112
4368
56868
45107
36798
30959
45536
32552
11182
49100
10629
27282
45844
39119
34215
54087
25587
6464
26728
7905
27567
64679
20878
46763
12778
10590
62306
34027
41714
10630
33602
8004
30075
58330
34956
2466
48615
59997
21413
62755
19555
41273
16271
64857
11349
61537
65375
12725
21958
53075
52877
42470
62396
50147
62760
445
39647
12447
20091
11486
603
10226
24488
35791
11751
11211
22069
51070
45530
21130
51330
17571
44400
6468
38243
24482
14398
58767
26674
34568
41057
31210
48240
35643
43149
48210
64768
1623
52055
21567
38599
14189
18607
18690
20763
50141
2411
42648
2747
37481
28732
49454
7551
47189
45939
14458
19189
25274
19666
12318
23683
334
1542
65238
63802
58499
15557
59864
41798
56457
45870
43130
1172
9221
13457
46397
23402
1106
59631
20749
55473
41070
58177
16000
38264
54868
32853
28558
53893
52320
12194
19698
61043
61839
26955
41351
58800
910
17390
28808
13422
25395
51443
1982
23334
52379
62231
50066
41055
14111
3537
33597
35611
7764
25137
34222
27000
24467
57753
52297
54061
61976
48447
19835
31029
4999
60710
65233
25306
59819
17398
59618
20664
1777
49820
39288
5236
10086
28215
55256
21858
48395
34637
45330
40113
11690
29164
18924
41882
46098
26171
43996
39827
64317
7063
32434
4982
27032
23360
219
43005
49114
36408
28134
31499
53648
12724
53827
14763
63819
54498
40061
47017
20846
50213
43921
22954
48009
52494
44020
52134
16132
11599
2534
39249
60193
45774
33215
14071
59322
20711
24513
35846
44696
56150
19549
45763
30012
6680
35034
32334
1656
62518
43079
5238
47224
7847
46917
21356
22297
61673
13790
17352
16496
36031
49454
31964
60983
61974
63827
39101
39021
59103
34916
60943
20186
64559
12108
18042
34816
12454
6188
19239
4500
19411
32133
37364
32675
5233
45081
5251
32709
56426
61685
18883
11478
23624
25231
61778
40373
14429
49210
51442
20559
19519
2872
23882
1809
3494
29284
59901
59464
54619
54262
24920
4252
35880
33855
38594
13235
42463
15035
14684
44813
16157
26806
2919
59311
18551
30568
3824
2675
55053
53459
5120
4241
63528
56072
17489
59855
48562
22256
12568
24631
16154
30415
58743
10297
36467
29387
14529
59700
24028
64004
39376
42624
36833
16946
7320
32268
58946
53261
22960
41837
45507
34612
56492
41167
23904
7744
53716
27151
45320
50510
24601
11147
40524
15006
9512
54702
11824
62776
2599
31728
45553
46174
50377
62835
36750
65445
49677
32534
37551
33512
39176
15616
47607
18849
49985
43320
50666
25959
22971
17358
7245
64730
4215
35781
39082
30726
45103
58065
45608
21796
42077
33294
3856
51104
4277
57559
10738
41872
14525
37257
36920
32871
18917
45237
41388
41333
25821
33992
61319
22808
42277
20109
6113
24919
25996
21250
29072
54196
48735
49933
38775
54290
60664
14990
6514
28769
31118
44406
63772
36912
7343
7053
24650
58059
28362
9621
26529
49069
15637
52980
44884
22829
3841
20173
31292
36315
56684
55337
13198
64689
19683
37435
57860
50053
59448
58133
36058
35951
2099
54714
9758
14023
946
10702
8526
8119
63270
18108
56441
18145
53769
61602
57839
12738
38724
4492
29588
31663
25446
43379
36962
34939
28476
6393
28363
29725
37783
43681
55032
36358
11360
43614
46741
41417
9135
22977
36199
45981
7912
58686
62606
35205
59141
28794
50953
31746
51111
18069
21591
34147
16790
42247
10
5693
7601
61591
52590
3710
14239
8554
54340
59321
11939
44561
49465
16069
52799
41972
28390
1204
26103
37010
10566
26436
35047
8593
44449
18558
55763
22800
23621
59479
5727
23287
35175
65086
18409
6111
60325
26183
6889
28942
11771
45597
57114
31061
60125
36386
36477
2951
23615
11291
6465
5538
62791
22848
59860
30460
41209
55076
52845
26390
20633
54148
24482
63310
21682
43344
6067
6207
65170
12925
54800
46095
34279
21068
4576
30803
21541
26246
5348
15624
64716
20017
12959
33949
64587
53013
11647
43610
17777
40621
23503
14315
23406
31549
41093
18524
23762
63341
397
16628
17487
25613
14069
64970
65460
40309
59928
58074
20150
10420
41712
63388
64229
26405
37390
53759
36303
14735
45750
64650
47389
42999
40098
8219
35687
56646
15914
23449
14522
34610
30931
30542
42240
64380
37731
46472
44309
51121
48588
1108
35676
23926
41278
39757
56483
58185
62229
21866
18002
24224
41446
15569
3146
19427
49240
24641
3766
32948
36979
14464
33434
20855
40482
27004
14729
63078
516
5696
1184
59164
21330
56544
42518
27134
48231
61442
57986
45029
51702
51565
64036
49280
55132
40329
6480
32161
59242
25041
11585
53719
42089
59834
63057
826
46634
50107
29422
62403
45279
46518
4764
54987
2266
50256
43711
60687
31597
52498
11415
25363
17353
6951
43926
50786
23194
17374
17316
35755
38991
24773
1590
