1024
0
9309
3759
29722
20215
36165
55686
15055
63614
63188
64121
32907
22768
58480
19224
42340
63119
46841
38527
15466
13652
5978
28178
50490
23842
43503
21707
18547
45430
18927
47060
3686
6534
2490
22497
53259
29573
5756
20602
49084
52203
267
33332
38705
22991
47335
36731
30507
5280
30467
41719
55516
12250
23304
42729
40919
9931
47224
56039
3348
9514
64220
58378
20696
58608
963
48051
33989
39792
47760
22181
24008
7308
17712
59065
61651
31730
16704
50920
54691
55920
20744
63536
16151
14887
32673
62265
48615
25237
28175
43261
52827
28047
14277
2263
9321
20416
28540
6003
52225
27231
13237
60223
45742
17956
5852
24668
31573
65330
10028
64633
18864
1032
59943
32105
55757
46664
40229
52374
52487
53472
64490
55337
50879
50710
50528
56238
54711
40288
30727
25592
5526
12479
6184
54960
1747
63637
37684
16678
8042
21943
2681
8012
4571
30591
18205
22240
8222
9725
49817
65326
41264
35637
41610
56069
45562
15771
58267
52254
52611
48994
33292
9487
24965
60865
5850
20771
49363
22656
17810
45270
58655
51819
12941
60355
25936
60396
18025
43003
51340
56647
49070
64611
24866
32727
20539
59582
7207
12975
55953
31417
3620
414
32241
12981
65281
32390
48999
3772
57421
63087
54450
12455
37885
10387
49373
46768
4845
6316
36535
50206
65493
54119
12244
14516
1749
19409
22746
20284
37999
22832
26661
16382
18874
39386
3644
21432
33501
32315
13622
65438
13865
62548
64378
15188
3752
8059
45742
35199
37387
39345
5951
62975
58782
42045
25560
19080
28708
7130
25498
14788
9150
14960
63756
50575
22443
2918
28350
51432
8401
24556
11489
49830
23763
20076
35810
53685
32775
11887
35524
23254
46321
51685
54628
32253
13068
42163
35356
34793
45766
16444
4933
17373
3688
19840
1008
43979
34216
20970
39007
4858
33350
13168
34662
51246
58448
54135
6693
65119
20572
36520
47395
55431
47925
13343
12479
34096
31405
21273
45443
55564
28038
32513
1502
31135
26244
12983
41326
42276
59371
45742
32528
20696
45246
34439
57768
34133
64593
9155
62294
30884
14236
35433
12765
60607
5274
14478
10092
22378
45420
22866
3834
4603
32981
60707
11636
29827
9920
51740
2238
60410
11566
16811
7795
52323
44123
9399
32747
54509
48406
5446
36541
44720
14152
42938
17998
39914
27229
8242
8750
38487
55333
15180
30067
25734
29586
21152
4561
1244
30720
30772
28340
51908
28789
11138
14007
19002
18082
26107
30249
47300
52572
39875
43696
20705
37463
14859
55574
50517
48346
38115
41516
5852
61622
61328
13639
34122
21756
52075
33336
57671
57636
45249
14527
36710
62627
53816
56895
39679
49082
50855
14141
2892
27483
53533
64584
48956
32898
32419
39917
14690
30880
12893
59974
49816
24345
38105
6220
61503
29388
53771
46092
60167
41632
32423
39574
57094
58281
24939
56476
26088
28685
22156
5111
40875
49877
21631
55724
58240
12104
27329
33654
24454
13135
56939
52471
21913
39402
30771
19611
61778
44206
49767
20903
40090
1850
45328
62038
5378
64767
45159
11723
1548
64977
35737
61224
26790
15758
49171
28910
10826
10850
37593
25810
38172
34212
32987
41391
21773
62853
29529
38725
60499
16818
62162
4269
41267
6651
23436
57334
2204
20175
8903
21
27078
13608
21163
35018
61382
30101
58785
33164
2951
18636
6880
53491
27762
52610
27186
58006
22416
6689
21079
54604
59459
48578
60901
30653
35053
53191
24435
52545
57440
15462
62841
52845
50453
55328
43684
11568
47647
23346
24687
52412
59593
42970
37553
8319
26183
15850
43943
11856
54241
9206
32966
29291
16240
15045
38867
33224
8381
58213
43123
63406
52523
38525
42405
22722
57121
62311
47457
18075
29996
33872
47127
8694
40646
7680
52415
15904
28298
33042
23391
59268
2510
13417
14365
33596
40989
29431
6902
53496
16077
7575
24308
26769
488
34916
15303
15315
5912
61742
30918
53247
20204
56684
53157
3734
47979
3968
15656
10430
55720
43843
24204
30919
31697
21968
23029
60494
54062
26369
34442
47764
21239
41918
19705
22670
52153
10383
11075
9147
18036
65382
32216
17608
36395
57798
22206
58965
53591
18205
15338
33182
15928
54740
30132
44019
4994
1617
24146
31882
50615
5726
4624
5310
31460
29216
3997
60799
4059
15028
25125
6848
26658
45574
61804
12790
40894
35442
15512
40852
13199
3950
20989
39070
22431
47025
7740
52832
35740
54166
16724
31724
58315
55946
27096
5735
39600
64624
47259
29128
50268
14266
34764
65207
47658
34841
64108
4483
63157
33936
12387
6906
3904
41275
52397
26137
14935
2157
56688
31118
35513
26415
13973
54057
53127
10290
2998
12427
52746
13807
35759
21226
49352
12440
3273
58041
53252
38699
61694
25467
6647
5260
9087
46196
43743
34603
60065
49817
40108
13043
58625
63668
53726
58266
39331
65167
54694
33618
43943
20942
34602
14519
30916
22390
20113
47401
42706
38118
14111
9717
32376
51093
18097
51196
54127
48298
22641
33583
38480
47708
60234
61283
6762
35544
51835
33950
6425
15914
51130
26351
12386
34866
16923
20396
24608
65158
36078
48841
43521
23734
38495
58732
49750
49136
32869
31434
5711
11169
6654
46079
18117
875
65485
4338
56865
29939
37802
19250
40257
1036
18060
42029
9379
40663
49796
53649
64128
43406
13923
15383
61397
6457
37545
23848
11796
15203
3190
1646
60273
21700
55999
28952
60864
42663
3558
1863
60640
38640
18422
2072
47158
21726
40661
7679
11772
14445
41501
29427
43859
60430
21555
42972
62756
37773
61179
45081
60616
59621
31843
53574
32746
49523
31001
32356
52322
61073
64590
51435
24454
34098
43826
4467
44090
12840
40418
14387
52306
2998
42554
57707
11110
38963
51190
6882
6028
59745
2458
42900
65462
15668
47469
5392
58813
8134
23789
58981
20614
46111
10233
22821
36803
63155
61113
28686
4859
61510
28841
65356
44401
33572
58214
22583
10070
31453
16489
48550
31918
8253
446
57890
51663
49560
38094
29864
58378
60196
63559
14252
42584
40344
6839
41983
50844
22397
37778
30251
18444
5684
20267
22939
14420
10064
59074
58568
17477
5725
55276
51659
42212
59347
16361
47675
57022
38947
48315
45384
35659
48228
25952
15914
6165
60485
29400
13736
7166
34674
24521
31560
40399
24195
41078
55502
1420
49892
27531
18082
37022
49640
11630
39890
28750
8296
13936
14790
30902
62485
4659
18794
1284
5054
14137
49417
63593
29876
27977
8140
16
57089
9085
59812
29268
30850
2252
29132
24349
48124
32487
33498
53896
48227
4580
14016
