1024
0
56520
56365
48956
44327
50705
23471
61423
35970
50673
35158
37666
7302
62797
64694
45230
46143
13897
2487
2895
44564
32420
15404
4313
59992
29939
51842
5126
24834
47575
29969
24301
13288
59814
31369
27355
15448
2082
36561
38237
5578
39359
22397
9078
49367
14743
28697
52243
62556
25673
60065
28702
58003
3096
13687
45240
53688
62698
34582
20125
14086
12561
37713
22131
55666
39841
35600
56517
32928
24844
59460
51109
12715
61703
23572
8495
23836
2639
20771
62965
26813
5451
17157
24624
909
56282
34919
17687
40589
61036
14954
39566
40210
64246
41690
58729
23458
59630
1324
56595
12966
46851
41395
16776
4144
31239
61476
51445
36927
18194
10005
17116
34223
7135
26985
15876
49194
56416
781
38437
25386
64678
31853
44210
34046
26947
60583
60225
26902
36616
65120
22453
63443
25445
31123
55929
44595
34352
48943
29441
56430
26127
58798
30376
47906
19052
19892
227
58434
31656
52000
60393
57427
42461
1258
11942
1999
13449
46481
60397
56998
35827
45860
13062
57973
13200
14090
20336
37381
60451
10636
19448
10181
24839
36512
1909
55659
64177
12118
54141
5176
4104
9147
23987
50200
11746
42984
22197
16605
45018
50611
15137
29578
3947
2049
13264
5511
50209
22514
38435
26563
21401
56996
25648
65071
54709
16666
22877
58385
7504
9503
26857
2287
25437
29068
5351
18962
32598
29673
44473
49138
61212
22695
23939
51112
573
56018
64895
32498
12884
22354
58432
28369
27033
12674
21291
35301
35291
35403
51624
27164
43244
30281
50346
35147
1311
39882
53183
31516
20776
23023
24122
61477
7790
28583
54883
47534
4890
57141
4025
60788
46928
20514
28156
55650
26572
7547
28979
39641
8531
43203
64765
31150
7442
17328
38400
37344
54565
34270
65102
59678
6763
64741
51693
61797
29913
43539
6307
10777
4562
13891
23861
21144
46514
21570
63125
14425
4912
50228
2324
15339
15749
18623
65493
32441
50005
43222
4955
20070
17731
36237
55995
60192
47573
16921
28811
21373
55146
32508
30978
22678
60707
26086
6775
26802
9917
12499
11959
28186
43275
47897
65315
59608
1011
39789
32825
12264
40778
45381
56003
27886
14068
62531
60770
42305
21290
18857
11985
15578
21108
29485
53811
36750
57776
2465
22778
52954
28020
31269
53672
3070
9068
48783
39275
40812
46865
63028
7022
41219
42439
18749
19035
47732
65365
25744
21476
14804
2325
50165
36582
4823
50490
47356
22890
720
53505
30810
46806
15767
60946
16778
37401
18318
61397
4799
7555
26028
11132
34680
5937
34754
43843
2831
47413
42225
60393
34890
49839
24183
55806
10653
61922
26880
32419
20053
9997
15899
15294
60868
28794
56071
6075
12775
15933
42409
36645
20117
58415
55196
41404
46653
20053
27668
14542
45735
56331
56410
53037
54389
45667
36341
23487
16437
58318
47581
13948
5957
43810
32611
13418
12186
1769
53115
14110
11990
4709
35275
52263
54650
17800
31492
59069
29402
52290
60836
12043
54106
38645
3806
55427
20787
50665
29803
52109
33218
45189
64088
24164
52031
4027
32447
55079
27368
40007
54426
23049
50355
36055
38641
14958
28988
52609
59069
41774
36877
60231
10483
5757
58683
59170
60735
32161
47185
41563
55163
62407
43544
54353
41917
24673
9593
32579
53241
1207
2354
61166
50298
65443
46197
48418
59278
39547
8424
54677
49345
59834
52471
44413
46912
34982
33497
35299
52546
38880
56803
55201
40995
46023
61163
55758
38430
24343
10906
15206
2222
65209
44209
3212
61484
953
61527
6203
33391
4219
55153
9783
27149
36339
42024
57761
17857
13903
5258
51842
35706
12446
46293
53014
17899
38244
37029
29228
27525
9942
62091
33187
14470
60102
50752
43429
25663
32528
17622
59566
56421
51977
37175
918
26728
33073
18208
49943
12183
64529
63476
10312
45295
38205
694
17827
33247
25757
51059
16252
16483
11745
57731
46018
30337
64460
4636
445
10789
38562
24256
13357
46774
20835
31396
4969
7142
11618
24496
63119
64766
15786
17797
25033
28345
54868
55890
43198
45464
38009
34598
6996
6581
2165
25704
5328
50847
1637
20103
43756
20039
27269
48372
46472
34486
17898
61444
56781
26507
61279
32450
16374
4461
37589
50337
62675
37760
5697
34665
25185
61144
56525
56052
15657
20438
1554
18515
45939
16706
13654
9193
25551
30979
22438
59436
16241
39567
4119
12608
60235
15562
53509
58738
8369
59651
9694
7293
44128
38125
38402
40192
62491
28890
49781
3376
5629
18704
15172
16811
61014
24249
2472
22268
796
38236
36710
45965
9096
53939
32472
40641
14514
36424
18062
21997
47549
58043
7268
56560
22286
8176
15936
51570
50176
52362
6280
12844
14736
28247
63270
34200
48432
13918
40369
32380
31517
48391
39715
149
1693
63988
51716
2074
59492
31018
61614
60623
9965
19037
54462
62872
22422
55356
712
45604
9893
22841
31525
61697
48114
50930
15481
53801
52812
40613
45279
13157
36884
39277
3845
61308
38376
12485
27640
6483
16384
2116
12393
58650
60379
23679
23243
47629
6565
2232
22832
27933
41210
61360
32774
23746
26810
43219
34889
22522
37716
4552
51893
112
3561
11296
19499
18631
23394
58712
20664
64081
29598
61952
42945
48598
60636
29977
23909
36825
42518
44740
39864
23330
703
57399
62841
10497
28129
56930
565
51549
43563
22305
31063
56920
42562
52773
56153
25707
12888
37520
65497
9510
9239
35048
34012
28966
39575
37517
18157
5073
2401
61485
50512
14099
26192
63086
45439
28346
63847
61548
49156
29466
51616
37664
28398
54288
19492
9797
21689
31328
2065
9816
48639
61319
54238
57480
51429
27446
9577
20137
14154
44333
33776
58733
22337
31901
49032
55913
40508
41757
7124
37520
37518
24388
38471
52973
19896
27229
43117
5361
64349
28292
42392
29891
807
14766
7085
31608
33822
28804
24655
2692
63681
35694
60185
5612
21329
19691
60256
14414
33899
49667
61388
29498
63169
36083
45462
18454
33721
26781
8502
18876
7194
24032
59145
44305
9757
1729
63065
38261
13556
23465
62398
4748
38559
57247
14448
14688
3127
56951
3460
61233
41265
35729
63885
28197
43927
40684
63674
39186
38968
54060
19996
33408
36651
45090
54222
794
23318
8267
10242
5917
19353
11744
57128
61512
53102
52204
39298
52370
53124
47466
61284
28382
65290
19549
62768
17298
17046
11905
14618
11423
46786
2872
27015
24962
48666
53806
8300
21198
24247
23006
62336
16538
37930
64108
42691
3975
10289
1951
56379
22777
43524
23138
34497
15629
37831
12302
41334
43962
13883
16398
46085
