1024
0
58836
42720
20151
10804
17373
47605
27315
12486
51368
14777
21662
58443
17437
28445
62946
56962
22690
13204
29184
3829
10691
15956
57026
49914
32618
26939
39492
42114
18103
11562
2093
9852
60624
6419
45093
61227
29627
46118
43109
3385
4617
24128
48744
48272
54338
28824
25909
37536
61265
16195
25996
40050
19991
47874
2387
28055
13880
50649
29717
57295
4642
8196
16892
29365
32718
57393
6247
17485
53398
7725
55564
56202
9341
33322
9478
8905
32105
21326
57918
60029
16664
26063
14249
14027
52828
31578
46852
59117
8034
62884
14176
46796
65226
16610
46258
33254
53250
1019
31000
23690
24212
45855
8116
8908
47989
48039
56121
26153
7421
8410
4309
28344
63040
32748
63105
50728
59683
64193
58316
11976
20818
2048
58560
45255
41677
1013
27865
39192
27401
52207
6299
57300
51366
205
51165
7954
14003
13443
41461
5987
15903
41797
28372
21914
38894
57212
30862
21567
56014
57272
11364
63736
9165
55484
64272
31545
26694
17246
47254
51093
24409
2383
56118
20813
6676
49837
60130
48185
3477
56694
26825
32318
39366
31910
43724
13690
34434
7944
32164
50390
18925
55551
58941
16795
49515
34183
12909
59838
30566
4431
33914
6856
59119
5485
59282
55769
8226
64217
46584
55421
46001
6434
59213
61844
64645
61895
21135
10868
47483
14919
27856
56812
8864
26811
13126
23524
36979
42947
15109
3579
14620
11493
39459
13524
50402
43891
55290
5728
12798
44528
26777
28349
53440
25445
19396
43016
32493
25472
60099
37244
53283
1863
54668
1859
48350
32991
62293
60299
15916
62991
16161
48107
28065
6792
42705
63549
39400
24187
64082
25176
43714
37246
53090
64459
43406
50238
35495
60395
1848
51737
45796
26011
19548
10672
2479
33018
28262
35689
46769
7802
7029
63814
21164
37347
33132
52647
63504
20100
60147
33384
15042
24424
54460
51208
23857
49496
34878
26835
28906
30332
21706
46212
27699
44548
20369
48776
5672
6406
43616
34925
20616
2403
24626
8788
23512
1559
39607
30417
4271
40629
40963
61068
42285
29490
47333
34952
23861
44040
3426
32061
11104
59324
47143
63062
21241
44104
44883
40948
27012
55526
16841
38408
4292
47187
332
57216
1545
11106
52154
2235
5452
36777
72
18245
29260
53621
25721
30125
42178
19469
42731
54546
22623
63146
11711
966
38693
10138
9055
53511
54765
35555
38035
36790
49357
49371
17710
45777
56235
46878
28105
65230
33931
38291
31745
20828
20150
16313
50065
29416
16762
47573
22595
30268
43330
39162
45479
55208
23461
2234
51408
50493
35331
20589
53696
57659
47886
17807
166
15232
9347
26979
58070
64864
30102
12866
25480
6165
25237
12885
28543
61024
34386
41714
5984
55009
28036
58199
46257
47239
7122
54028
14392
38113
18778
64018
46807
34549
58008
32430
40520
37702
37345
36062
46380
63301
57628
5705
46675
36226
46474
48904
55593
3477
19441
54499
33741
23952
50583
12712
6664
53568
4173
27564
24490
23297
52744
40079
30720
62307
17005
39260
5093
6998
51596
33739
17582
56404
11381
36772
37919
59486
7409
8399
58631
12979
22130
428
2058
15259
55467
63573
31455
54395
16925
20497
37878
47168
54292
34710
48032
51241
50252
30575
56604
8487
5861
15531
64283
6047
23205
64977
48851
39500
34670
53639
32287
38068
23967
23903
36426
55519
63625
9799
45648
61886
29930
4108
57994
10195
38821
12948
30803
31029
9972
1730
32056
10226
7896
29333
10761
9437
6292
64199
45495
3991
10029
56498
3355
60252
37717
15525
59524
33591
45961
31004
46058
3745
28100
51541
43908
61538
6557
15111
8666
47779
51129
41650
37133
60993
29926
56621
28876
59272
54821
32489
43569
46386
50196
14131
29260
636
44872
37641
12917
42386
1977
64865
14382
27509
24655
6492
18061
57209
31877
39777
38855
9212
40963
54791
12748
45194
44657
42943
1666
26946
30737
11146
13624
2472
62708
22751
12828
45485
54292
1017
44342
61631
18873
15777
36576
2513
57370
37294
19610
12151
44709
8843
64466
44471
32907
26355
63778
5813
2617
23607
21019
14420
48908
36157
34973
39479
41620
65403
47253
33120
28011
21139
1579
20882
31507
31466
54973
12616
55274
14167
34720
23319
33302
39116
52856
55666
52870
5490
2411
31697
59579
40673
13699
4102
35780
16855
30568
51049
17694
335
44195
1213
18580
56165
1446
55151
9634
16153
50260
17905
29668
27959
49021
38093
49147
26164
10265
59136
41512
2469
3687
13325
44136
14597
27572
44038
7926
29682
7761
9027
38633
32371
13378
42864
30223
37369
38573
50296
28972
61903
3921
49449
41569
36446
59539
11364
47853
1335
31873
34707
363
54493
16014
41675
62479
10384
22388
33965
22777
48110
21091
25674
39990
63491
4016
35673
4962
15298
36839
45224
63874
45798
53019
12635
17827
33377
19553
43145
36218
52596
11869
55779
58119
8220
41167
41910
10043
2882
2120
48870
64140
52675
30720
4383
15013
50219
55097
21673
3546
35795
42869
6901
9643
36543
14894
36933
22134
35847
18813
64717
3808
54730
30237
54549
36909
56509
46926
46021
57794
8691
45469
23989
27264
57407
27811
28384
44136
37396
54029
19281
33335
56768
34629
15056
21742
63147
24544
28905
35921
50776
54649
19642
33538
13268
9596
26726
54239
2383
24754
24494
23126
47979
19496
19134
26680
21209
45013
36629
27920
22564
52032
3193
9393
3320
30532
1361
31764
28016
28414
38930
23161
58835
38635
37812
64403
50038
27059
26561
52503
64214
263
26499
16160
7644
31323
11847
43779
32849
45137
37201
9805
40395
30458
10375
2735
25955
9790
32844
51781
9317
22371
53211
31807
1240
51481
54261
18781
38663
33487
23251
51657
13353
50135
37276
36733
37607
45365
26386
20588
41899
18558
41831
52377
12787
57717
52376
336
41134
28349
48960
16362
3146
24129
39809
19786
33641
8190
220
9269
58314
28084
53018
52642
31465
36287
56613
45447
11631
61666
43529
24244
55465
35018
35247
55331
45373
49495
50890
34416
11672
39089
43750
38484
35286
47964
56910
4931
56089
11777
6027
13848
1021
60663
25358
8891
16998
17106
42816
37714
45001
4004
46081
24676
8233
60397
9996
23017
34854
25382
54243
8322
25940
47820
18165
54458
26029
3445
64593
11093
10743
35197
22599
16417
42078
13650
4790
56804
23651
54264
60798
59240
29937
64247
6512
32738
43274
26317
63071
32678
17287
5485
7723
24088
62546
31123
11228
52476
57205
26560
24011
37314
20784
12399
31819
50153
43106
16653
39726
18695
22504
57389
20442
62089
26271
12131
24019
17220
