1024
0
18037
60037
15374
13371
61966
19881
46809
18124
39108
63598
177
32936
13190
45557
8781
10379
43410
15249
13481
49942
28401
15891
11667
13927
51100
54781
18753
61398
6196
43523
62326
30197
53335
15463
16689
39543
45422
12936
31230
7825
29029
40390
8666
15037
53931
22988
59962
18008
34850
30778
38220
36359
48939
53991
57908
16985
50917
40017
13143
52541
38568
5752
17498
36839
38921
30571
18647
40609
15410
13956
14591
32905
65022
59289
4073
34050
6013
63626
22037
8802
13342
31474
64218
13205
30723
46755
1355
4832
49563
64226
17539
17562
62314
30483
37195
4408
16442
1236
44309
57661
42886
13872
3093
31449
2610
64209
65056
60767
43028
37942
33885
52458
6049
1392
38319
26761
13760
30248
16112
19564
52993
64117
5074
51809
29603
20670
16097
5711
8547
45026
4320
63216
5598
10183
8686
39363
41594
23713
16178
61669
46630
50442
59217
1779
35307
25122
46357
52668
19518
11869
49734
10772
45319
51292
5996
7974
35017
38986
46376
58883
30403
29540
49376
58526
39127
46911
6493
38421
28191
55613
38150
61876
35227
54038
34278
20090
65249
8038
60120
32894
7001
14711
44007
8276
25624
50470
3550
45602
6247
13942
8734
36344
26809
36011
63678
17973
41120
46736
20920
33599
44114
52957
64119
19959
11003
5700
8518
46663
1245
35014
5598
9969
42007
22383
40191
25371
13134
53014
16529
63493
56947
29707
59237
33551
14178
62495
22912
22459
56370
28439
19879
31701
30976
64447
38562
28432
60496
22470
34809
32027
23112
20997
18299
2446
40057
46689
10032
25987
42053
26574
24390
488
24852
65535
22038
26631
38244
2095
36903
23193
22648
25196
58253
8317
28224
38582
21852
54016
56346
5686
45390
30579
43105
13301
8373
42003
31152
48051
26729
60815
36679
19716
59456
20436
10756
17189
24356
5026
51958
1066
857
50524
56694
50287
34319
29450
15218
11000
22088
23053
63126
14246
7061
16892
54313
35318
53343
28077
4051
10881
41670
22708
37206
44125
38556
26619
52215
32592
61533
14835
3411
55889
12093
47282
37862
41427
15459
26519
5448
49862
53979
61095
38138
23492
30286
10987
54071
10824
24367
16465
28345
15303
13386
39522
59159
58340
39820
47526
36563
22413
44229
1033
41356
53423
42774
28123
42039
7932
59920
11789
45382
16423
21425
11304
30620
52499
59194
23065
7807
15260
10492
8835
57589
53170
7537
40920
5099
34912
64406
17983
10607
3758
13992
61273
11941
32763
16109
47005
3008
16923
62293
30044
2042
2855
62026
32493
14075
63491
14559
52416
62661
57851
8334
47662
10703
40482
3570
24213
24981
3937
36824
38405
31419
54967
20003
57979
34966
18102
14815
41499
46404
18766
10823
22486
39317
54904
34170
42074
63682
40807
36145
61964
2558
29308
60159
44215
14798
33782
38812
28915
4771
44071
42583
1363
35100
19236
43129
37214
44123
44769
30590
11335
51894
34170
9034
4253
13397
55162
52042
35813
26721
65187
57603
15069
61298
43846
23819
33381
11385
27784
50890
6749
36189
19034
24679
7965
63201
62145
44388
41323
2865
54997
32547
60866
17941
51739
12139
63884
21381
8363
10590
62033
57701
50107
9197
31393
23419
34815
51449
23217
59094
14000
9703
49888
20841
55389
17434
57475
49431
65
54262
6924
45525
61483
24479
27682
31276
32738
39792
32388
11306
44854
7060
55782
42835
60763
51454
60408
7078
61207
12728
34888
25183
10676
25538
56421
40952
53827
62174
41083
9033
14889
53379
18653
4680
2178
11458
43216
34321
29530
43256
29660
35433
41987
22671
38830
42071
2290
58682
45905
61605
329
65022
6710
22791
49398
48377
39893
31271
33412
31850
65062
42759
43531
6342
53680
45704
4188
24403
57401
20897
43426
55526
32096
52234
1855
63342
51398
929
48771
25556
24976
59357
10974
27926
16454
15084
42853
25807
25111
2947
13940
27784
44008
3661
3578
12766
12431
13569
56407
52565
50068
5257
57000
17284
38325
10862
49944
18771
55762
42292
58563
38390
4248
42653
36938
38959
59104
16021
34208
15568
46951
15851
42172
15632
20113
57252
9931
15276
23318
5912
54172
33986
51133
10456
41546
59610
41459
12573
63270
65384
11197
36507
11991
45812
47724
51360
64135
9592
39213
6143
29465
37906
10300
53789
50373
31273
43851
2656
60124
41748
58415
33315
20706
4172
9614
56433
32700
45564
45339
44139
41386
33327
18085
47945
1169
2998
33165
26260
7487
41494
22694
39970
53271
40499
56360
20027
47617
17373
53013
11223
56744
19290
9242
43045
32825
47979
54009
29163
20772
39298
56287
20803
47399
55687
14753
41174
1522
3044
35770
53062
5391
27663
23560
64639
33224
51340
58013
8426
10960
61828
20293
28503
5042
32028
46806
30044
23355
24943
52308
54860
53797
30205
30522
15924
27455
30867
548
39931
54339
51354
44789
20926
23761
54183
42084
63740
7144
51437
31268
52653
41645
16231
49046
29849
11186
8049
2863
41739
32597
22189
3134
2938
8324
50053
31215
64266
60998
19945
13220
60117
48157
32047
30322
27537
21450
56819
21261
18850
59231
53816
47270
62403
50268
19301
24595
25091
10298
36930
47695
60009
34204
3259
37904
41975
7178
41120
17942
61474
38153
54108
27491
57606
32098
40056
56278
29500
13300
52480
6117
804
7601
59599
47236
23526
62371
42953
47037
42229
43581
44118
41270
55911
42713
43670
25174
65478
2254
56167
59992
32263
59832
53406
61486
55649
58625
21745
55238
20606
32446
38966
62488
52246
39969
29152
26831
59299
40300
46468
28974
11576
12616
27116
47024
7670
10279
15461
47836
34344
45152
51128
56835
32637
628
21268
26893
12416
56591
2123
2573
19827
60789
42900
36783
37917
10770
7169
26541
59098
4370
25492
50278
56286
30210
37409
14713
42867
22428
25021
54213
43823
29661
1291
7463
40984
43286
54067
36589
52839
46056
2100
37146
45785
47996
62354
51910
47826
25440
54339
671
59521
22113
53264
41460
52716
910
16557
44364
17156
54207
46698
22719
12585
61100
42254
11590
59559
48462
24937
25914
60112
49843
814
9339
40630
18688
36777
25568
53583
7669
46390
19001
13467
17162
5315
56577
10420
55358
7927
40997
41852
44733
51678
7697
51225
40428
57775
49504
34995
40366
51055
63068
1347
51273
46867
11258
36752
59020
6270
47265
12714
60880
34475
54492
11411
11343
42803
54210
1814
57453
37306
38765
13448
3630
8517
39752
32352
2634
29580
12340
29529
62769
60968
49273
57250
56802
34714
12202
34528
56638
51121
18751
6151
52393
41611
39072
10726
33727
19445
51537
52305
13486
43339
