1024
0
14152
53755
18785
52464
5625
37227
42940
34123
25263
46221
17630
16493
9935
22071
23890
2240
51567
51610
14226
41363
3352
56274
28357
20608
14581
7182
16131
10775
42639
65146
6178
60817
8692
60373
7779
33504
56760
30590
64714
48294
9014
1347
15434
55840
33284
58182
34999
33760
55306
56044
21409
10318
13905
16463
58976
35279
24930
33058
51170
40423
33013
52324
63236
9542
36868
24175
21303
32470
42687
37241
62299
27522
6995
6195
11247
15376
53809
5340
53567
13904
5583
12554
26462
43663
36351
53278
26983
61795
54660
45543
10509
15621
43929
37974
8365
2693
26882
21596
21222
2447
8155
38768
37855
28297
4386
29625
13766
10670
11787
22740
27164
3452
16881
6527
5175
2843
39511
58598
52421
3609
29354
45712
30580
33322
43271
7614
14963
48656
30666
45202
17625
48183
10961
21930
18223
36356
53228
47397
21224
9601
34673
7612
21483
3311
16718
12776
29302
38457
29073
53951
16376
22011
54824
50283
33964
25226
4394
51380
9256
9966
24745
23778
41542
9067
21219
1767
56345
59887
55285
54406
57429
13634
25074
28453
43803
42535
26612
39760
36884
34743
62424
61918
37126
40700
6199
41360
55494
13442
36126
28217
40066
57850
6392
3026
28215
27234
52870
1594
34476
59371
8285
53109
53502
79
9917
7707
34468
25944
19150
51239
33610
30899
57487
4280
21215
41749
14479
31249
59849
52362
62392
5728
39763
49916
14728
54670
32965
31801
60478
33200
51486
6226
16731
57231
20431
9723
44576
44140
39591
63020
14533
11991
61044
37297
31315
40663
32260
63638
21150
19496
44216
50228
58783
55893
64041
51439
2993
22258
4361
327
53016
9110
63607
33883
26284
4777
45348
19588
51160
52557
58682
44306
48642
61438
25212
64401
31048
39731
18835
47855
15846
60391
13140
59494
318
13049
9908
7195
8711
1044
53942
14751
42092
31251
61489
37255
60442
64094
59249
49290
3262
14532
643
40144
11959
25495
37620
58321
49732
27292
25289
267
1955
12661
37146
52131
36822
13297
51115
13709
64632
9295
29775
49028
54953
12282
51503
50176
8351
385
65118
2001
24202
57664
28850
20371
64998
62726
8895
56169
60232
16919
44908
19520
2852
35120
32826
20281
33172
45974
42086
62419
16498
23682
6141
4804
19911
10485
15641
60855
8130
23948
34546
33237
38321
44670
10819
34961
10706
27294
41264
59657
11014
52173
23795
32156
57163
10203
32051
21238
50321
2869
46292
49484
64546
1817
45458
5075
28603
63442
22232
31065
24933
1191
16248
38176
32377
59799
47681
43178
58593
42600
570
55104
62086
61617
26646
47910
55101
26897
24746
2227
38431
35760
59993
51404
16058
35455
37018
39401
22430
4430
53710
20191
56709
19552
35200
31033
59082
23390
53934
41026
24268
11330
3707
46762
25037
17314
15919
34710
62961
11316
21818
41741
343
20901
46876
51598
5021
14023
17728
41686
930
17839
27007
22217
23494
32663
32218
50566
41038
64859
3302
40346
26212
39055
34539
61520
62501
50310
40437
61950
17184
28390
32821
3557
33576
43718
56909
28903
54916
6736
59891
37709
64363
54835
31815
64852
20397
4208
26825
37329
60865
37886
65191
36740
35527
19616
24910
43415
56615
52292
44888
39856
50614
13238
2514
27735
44360
20997
10598
7985
723
45612
12533
10396
45547
33173
65257
9314
12611
53798
32016
43556
64335
58595
13809
15881
55600
23795
52901
2458
57427
29363
44177
182
3810
43333
36832
52911
3931
30667
280
62679
4621
36367
35361
16514
58481
57239
45093
21406
30281
8512
18332
7867
25750
14453
43526
20311
25995
5216
14521
27812
18746
29948
900
56780
64382
20179
54955
63100
10265
8486
18845
20815
37959
49076
10007
18309
29144
44673
44931
9755
21814
21080
28200
40134
55105
62
53973
55164
50912
35033
17067
634
33170
32581
3972
58929
48828
4681
17840
54867
16372
15663
19253
13681
64649
17867
36671
41010
6522
44634
55653
48834
21684
32306
9215
7868
8160
32645
6127
61246
36509
31218
6138
42063
4896
57112
39665
44061
25247
5821
28724
19875
61149
40009
42224
30576
48764
3633
56865
53980
13466
25631
11045
50601
58838
50445
21903
10983
32427
58596
1248
10703
57368
57428
7399
36384
23365
17074
3346
26274
3788
59766
58442
57612
18395
46683
26623
41107
46345
52229
39225
13457
33429
64295
60518
24020
17603
8478
12806
5569
15941
31875
44441
15349
51874
19944
544
49832
14048
36601
579
26335
18050
26408
60942
8168
3281
39993
30514
27857
34200
62745
10661
35355
52911
26021
59375
55798
43475
22009
5828
8589
48070
49810
35403
4489
25892
19772
37588
27110
16321
28464
28495
22519
47920
55325
30022
59678
36352
60324
47593
42258
10748
35564
20867
15925
20932
48134
61417
24076
57727
17293
5100
27432
13071
9618
62669
179
38117
43660
4595
14557
13275
22483
38329
36487
13695
60271
25993
49534
16689
42034
3082
39607
55238
16220
416
38516
39574
40532
21537
20909
29769
38798
28151
46059
33482
2901
58150
6361
30399
4594
27203
62657
36387
18004
57218
1117
19775
64290
32166
7113
9119
26413
62371
38904
48764
63174
41166
6888
29816
61846
38116
742
40161
30623
37416
8938
48344
55522
23276
32804
15856
32711
30279
33982
46775
57011
13888
27545
53253
11497
12919
17647
34363
29611
21802
24837
31050
28861
57720
43439
43165
53717
48316
44211
10980
10659
24825
24069
64567
51069
36867
32739
36549
45548
2339
35729
48811
6609
47109
60965
10234
13224
48048
8076
45541
3661
52778
53912
29470
40782
52704
11557
24491
52522
30385
11709
55212
20643
12442
64632
18006
32650
5390
24713
23161
10162
35057
42604
19780
44316
12004
36401
23299
61323
20162
59286
29638
17279
4648
39518
30934
39579
41389
55962
60739
14470
20486
57107
33973
47432
63446
17482
904
60201
59507
47092
62790
47687
20305
38472
27169
40845
6657
64875
59277
29757
22538
21779
26274
56760
47296
48823
7611
41576
7950
9886
57395
21642
21061
14535
6150
32378
35810
60649
18415
35537
27113
14748
47869
3970
61530
42622
63993
22435
1018
12637
26100
15480
62733
19787
36800
44088
29991
13413
37775
63890
63420
21117
46567
59299
34500
3736
46937
10589
40409
51575
50844
3264
51263
39844
65008
25567
717
23254
26229
35121
56180
53408
6042
5638
59508
22497
55133
56618
6306
1152
54352
30723
5560
37339
15451
26512
48918
24375
8910
38624
61681
30313
12594
27525
7233
48516
40634
4728
7223
58683
51817
11711
39666
53175
25445
138
14608
1534
9961
41477
14932
