1024
0
59157
26687
27015
7236
51386
28801
32360
28329
35530
18740
60139
31837
26869
51138
30066
41279
33472
22330
65233
49972
30776
57654
42668
58892
63796
12794
33966
31101
1518
34066
28243
41490
18073
17064
32097
35936
14495
22715
17046
64605
6013
64612
64393
5870
61360
951
20032
11868
59787
23219
47146
23857
31398
24142
21253
54141
48653
23771
40212
37047
34414
63107
9683
41800
10903
37083
3534
17372
10677
51142
8148
64989
22277
39369
17678
12588
44997
22117
58750
38386
17979
5403
32199
14842
15515
26670
52893
31748
896
57189
58531
35818
25100
4350
30524
41276
22451
6643
9890
34505
57342
18981
6268
1965
21342
45692
47993
31837
43508
33099
25891
2650
17780
31965
31720
50735
28189
37366
32317
38661
52354
34136
28799
46174
32349
29124
33080
62612
64604
21538
58882
17112
47881
64149
19680
11781
16286
42954
23026
51341
24467
23397
35101
44648
32043
56412
29415
52677
43746
7614
50308
5678
19308
63596
65385
46704
53602
40373
29902
31524
42565
56998
41971
32532
46443
4075
22742
32331
793
57113
27697
14225
23196
16661
11209
34171
44310
29632
20763
20912
13018
20547
11683
19718
62294
59238
23654
50424
5391
19736
49082
18076
27934
19567
4682
59877
8490
45479
4842
17281
64176
51803
38499
62711
930
13296
58021
57219
57577
18650
12244
6580
36880
28833
60486
497
43903
15956
40121
53278
25981
40230
64664
53987
38960
47264
14709
43899
43702
13350
17372
26049
37951
56931
36757
55992
2924
21324
5408
57105
35999
34858
11500
65394
13683
51455
65421
2915
52341
36070
32570
53705
52778
13775
33845
46784
7300
41568
50376
33744
48770
25732
37066
60780
19870
62257
22726
64346
58325
42254
8615
57029
64818
27431
61960
9659
24888
26581
58339
17442
32973
61784
56748
60468
64174
23541
62875
46179
50988
8739
51032
28753
41169
26879
824
59083
60645
11065
24500
60087
26584
24937
29802
22565
28570
46446
52611
63052
28131
47221
59839
28942
15432
32841
21494
2773
21120
16543
2548
48526
44252
25520
18619
28418
50000
33068
38252
16554
22742
59314
31359
47603
19027
29911
3353
44567
58298
28607
27082
46308
36408
62064
46380
23342
61187
13214
41548
56776
28509
47360
22837
9540
16258
45020
48372
40129
63949
60608
9478
36260
19164
31201
38310
33428
6519
63282
63997
41724
21683
46699
26990
46936
3675
40547
24130
47012
57452
49764
38359
19848
62494
63764
65306
19513
53180
53408
14394
48349
63573
44058
23008
26155
36722
13197
12140
31283
28199
48875
39203
10792
41971
44234
43073
7213
17920
64001
6601
30932
32787
44948
55709
39874
23720
41134
58954
54879
57633
45185
39270
28720
31929
36319
4036
58985
17024
48209
38142
24599
29687
48024
39387
18482
510
59809
44770
37728
43268
47593
1622
36584
47207
28437
16457
7014
45350
21393
32688
32320
7802
21810
14897
32635
54977
10545
21608
1242
18790
47751
15998
39235
40103
42803
41916
11795
36073
9926
49475
45615
29978
28807
12020
17511
62910
55045
38667
1159
26228
30104
11161
34899
60489
10128
34585
35872
28075
34479
62877
31788
48924
30916
57973
60910
9535
15423
1605
40094
38836
22432
49214
37319
44893
56952
41756
41664
40887
56620
43938
58608
7918
58501
63898
58045
10272
22019
38282
11553
54287
53828
54279
25696
23942
40535
19919
15289
38129
50667
53203
40538
42898
46674
14804
53040
38186
45200
15608
59779
56678
46359
15495
3546
55533
21354
4219
59724
1275
38544
36244
21329
63199
57835
41287
57951
20641
29331
35880
32026
64105
50256
21352
3797
61202
21181
10188
17084
52558
6942
653
45694
21291
52099
487
55374
41987
27787
37650
51579
25163
34308
5715
39087
29358
34098
31347
12395
6494
51561
7338
43189
41180
22532
53796
46824
38869
1977
20141
59361
43583
15863
31638
60332
40484
63833
44530
57494
25642
7967
46433
55673
14602
49759
64391
48759
55128
49231
43307
36570
50273
61954
43697
41129
47987
64618
27106
13438
53178
61706
23076
57714
21045
23316
43651
28507
33597
10506
45154
6806
57939
48784
25705
57902
8895
37397
63873
56909
4176
52110
6115
17020
11812
58408
25391
42015
55442
28382
46272
33453
60263
10261
58230
46956
40707
23085
48691
39004
37967
10873
32514
47182
62375
8933
62962
47936
30484
7187
23451
33136
44266
25664
11653
9221
26675
30139
54380
59829
28093
21116
11353
27725
17566
8435
11240
33944
6033
19438
141
55010
32358
30924
23027
64224
34932
15258
16280
7629
29960
32580
27998
41623
57120
40062
15857
50519
62103
47504
43755
19967
16770
2168
28477
49500
19051
64536
31138
41913
21740
47964
17159
19443
15261
10440
1780
35318
48844
8087
56216
21443
52473
36202
20933
58938
61602
15493
37729
35188
34369
22817
9085
24233
56418
32325
16031
30624
56367
14132
46244
33537
16096
51548
27744
41219
1151
53995
45081
2591
60813
4146
22229
26516
6263
47714
26581
7016
24037
41249
60890
2423
21776
15577
38428
37964
16399
46423
46176
49250
15523
13191
33205
34708
60259
6313
18196
48885
40550
39800
10300
27777
35666
49881
18984
371
28543
17087
13019
60206
53412
44762
31233
26145
52979
28188
52312
63402
35663
51732
34142
59098
29194
6624
17390
61729
57379
31993
49026
24654
42505
20626
7087
45772
40115
15806
47537
59217
8069
64555
36603
25514
57737
8358
62258
32906
38906
58611
28158
10278
54769
10961
44342
52602
17389
7438
47440
57396
65503
45843
59261
47433
55243
55886
28119
4080
38822
35841
64678
16107
36796
64223
39532
62260
60888
64492
61791
55793
42677
46785
13702
5827
45191
9075
64383
58323
47944
51640
11804
62926
58008
30279
2972
51223
3703
6268
6984
39674
22194
58082
18734
54511
28533
26356
58376
64789
27389
58794
62471
1644
11251
54252
59663
5062
6660
36262
54455
12014
9391
30623
8004
36035
32992
56729
25346
55413
19457
47215
14275
21964
26041
19995
14959
58404
14547
30364
19951
12907
26029
52442
3041
36657
56315
16428
6380
26668
55935
9296
28299
16176
65402
38844
39788
14896
39883
2591
58968
35352
39271
4283
8401
36200
41353
20148
7126
44208
58009
17140
30868
17242
41727
27890
57763
1540
35112
1137
29358
56326
13683
15804
22154
26832
15671
57
50265
30355
15444
26380
17762
36636
57675
2594
55086
38914
25903
31676
12019
54844
38653
10695
45677
38124
58967
35802
41882
34241
30714
17813
41260
32694
33100
236
62469
13743
55944
24843
5035
57223
64348
25218
41272
5830
476
49550
46053
30856
9866
27894
908
