1024
0
34886
44023
5650
44607
2882
63002
29258
45200
32184
38540
36149
9105
39347
64176
23835
21066
42436
49567
31335
64246
3933
63717
4533
52779
10377
9168
51995
49764
16724
33859
12448
41600
17266
64710
39089
33898
47623
11627
24672
60312
24781
27357
55240
42889
60623
7495
29985
43399
47155
64161
11873
34994
25695
35046
61054
14574
55232
61277
45577
63461
46923
12133
1214
37373
51792
11778
65461
53576
642
61080
64786
6807
48118
30289
21077
22279
31428
42578
35961
16087
38949
58771
63480
21994
26916
46162
20579
37775
25427
62656
37428
44136
7744
20333
46443
45678
6830
17688
8827
51466
13151
5004
13197
35957
32426
59873
26679
28363
46314
23653
11640
45086
33340
60224
18358
9824
26061
46562
59404
8475
20031
34600
42744
26044
62381
5630
6190
27313
17552
53549
42568
61004
31657
59881
51256
5592
13799
35170
67
1177
49359
13820
27094
15024
31881
41591
37111
53554
54343
4704
40982
6667
36131
27424
25582
41387
62772
23177
6488
59362
32017
29488
4918
21705
33069
3646
22096
14478
23973
41673
39714
53731
12596
35175
16912
8624
26886
33484
62545
65409
28404
32342
19435
32027
42331
36362
48344
23614
22801
45364
14448
25969
11796
15592
49506
24103
15793
63118
11502
49565
9024
65072
33105
62010
65530
52738
14419
29170
38479
44620
18812
50130
22934
32202
30622
16736
32957
29299
11062
18094
14167
36869
50475
65230
59247
64774
60443
25178
58693
29999
35990
4149
943
31507
41915
5490
12778
6080
3308
14453
15056
30802
53541
53691
7524
65053
33484
63047
62744
28753
34
17354
60623
15419
45521
25526
48467
23593
57937
1436
26055
62380
31530
60104
58358
25316
18665
53827
42615
62324
20586
9568
36099
31540
43822
42549
35525
44105
58104
28309
34730
49954
59708
15185
25815
35109
30417
40356
7519
21251
5752
40301
58332
40997
22965
41286
42414
45203
51552
28258
40217
20818
62423
35824
37686
40291
65106
46644
23934
62899
6043
36141
53345
57189
7174
44536
20126
9147
42369
34049
13063
5855
53369
13543
56135
30540
42686
21815
48686
10733
55557
28843
55435
25732
48375
13302
21091
23619
56233
5426
12454
30300
22786
11611
17605
12661
36848
9533
30380
53476
1771
48891
21026
10428
17153
12811
4098
32002
43026
49600
54453
27507
40557
60102
62447
15227
51354
28859
27487
38384
36284
9423
24618
42608
28736
13451
10929
43460
6790
23594
29706
56023
47266
58246
26691
60648
13411
59991
35874
58626
36488
55461
50888
31379
62951
20310
59415
33319
46236
19041
32051
11229
44374
26361
42715
28443
57461
35327
51346
44838
43175
27653
61362
15785
44024
8429
24798
34261
28416
25457
29914
59195
29384
10590
17301
59303
10692
29860
18328
25375
14748
31222
7179
40508
13447
23624
56174
21234
46102
55975
14423
55317
29525
16631
62598
7186
46806
51108
40085
7881
15717
20797
58467
22552
25464
58930
57504
27910
21137
23439
56135
44074
21329
59638
64611
9772
43107
61046
4219
54553
31924
36547
2485
32963
42013
47052
188
58398
57226
15475
43067
38025
3510
61140
48322
16709
35835
11963
26441
53696
40299
59456
49605
22272
33086
56305
20085
31347
59935
12031
43629
11189
1980
2066
41198
51930
51991
20076
16611
20680
35436
50516
19866
8194
29749
62769
28105
49506
39595
5439
63058
9667
51053
48528
56069
35850
17891
27409
19125
10931
55117
58366
15779
25567
306
38160
3274
51368
57710
61731
4097
21711
840
1406
30560
8340
8985
8378
6263
41996
35192
62840
21051
32333
9610
8587
37950
5612
47380
23477
15414
34770
41282
59919
28808
64738
44891
21388
5029
33260
3539
29891
46588
49601
10850
19761
2848
48837
46040
2551
9161
23560
17998
20075
55961
23085
55259
27347
57566
6728
7737
21166
35659
43663
209
11477
62056
31955
17855
5751
13142
27773
13300
48768
34524
43908
12351
42446
23926
16202
26171
14460
49235
31601
46033
36238
29758
62808
64107
25161
20281
31661
41490
15870
20063
36473
4976
16613
54393
12961
23330
52858
33538
5416
44923
55481
34850
65069
8121
47835
22555
60210
21988
36564
43630
61342
14118
14290
54109
19795
21589
62475
19444
38569
22050
25833
59817
25458
3874
43260
4543
14804
49261
55918
27731
12970
38037
3993
50357
51657
24021
21512
10010
26310
64597
33030
5385
55452
39826
21086
40974
50478
34362
22943
18566
35452
44750
15674
40517
12780
20436
16370
49323
23837
49207
49795
59189
59712
54594
837
43194
13779
36478
4084
58537
6447
31352
11001
20629
12461
49615
32544
34754
5581
17709
1596
14931
35887
45463
46606
33925
33909
32083
37198
35230
7801
31656
43960
40989
26379
26669
58197
18356
42154
52106
24603
57933
50856
13047
29669
65171
35586
14483
63984
20886
46916
60368
51914
1663
52894
3994
22226
13323
33800
29429
5203
46790
13433
42643
28382
1191
61213
1730
43932
22354
32166
25303
2346
12751
48521
46164
59107
58371
26985
41562
56023
34987
43801
24939
40668
48757
21905
8301
53953
44815
54140
18146
5687
38420
29039
52760
55935
22746
44732
51882
15483
20493
56614
45702
7358
55367
31912
37194
46676
30743
57583
38179
39178
63875
36185
2673
21635
8332
22926
3531
20300
17781
53304
5550
46969
22074
50843
51052
57127
47797
25880
54576
63768
15638
50528
14415
19497
27852
3121
60850
1374
28201
46139
14120
9792
47456
25633
61531
18462
2601
35176
27948
32831
15790
40216
49720
11079
11626
65301
17498
23883
17958
25839
53715
54951
26624
61898
37035
56828
4257
17776
64273
28078
29618
31667
64664
9570
6442
10954
44008
42011
44555
57223
48476
3190
55607
16174
46643
6501
64279
24937
31541
11688
62901
44909
46500
39089
3903
59963
56764
30514
44341
64800
19740
44665
21409
30439
1233
43856
56885
63827
856
43953
13161
50324
31695
60129
2418
46402
51651
8687
28323
39583
35617
34529
58472
25829
64274
56599
19836
54371
6582
37805
46335
54768
44123
38733
11516
17611
26681
44981
43567
21239
18515
40763
32246
9663
40223
11873
29535
14382
64765
15778
50278
29385
35645
62584
22075
14954
16165
36019
32406
32866
57893
45896
63892
59664
9219
51469
58360
60146
58688
46215
14278
54598
14624
61490
41292
57847
45811
58639
29873
23382
24772
17111
20999
5037
31974
17869
59455
6070
27135
47726
4070
18271
24
10043
39754
12669
57571
54608
24455
55162
7723
485
53128
5964
34382
59316
20967
15209
31197
48170
6587
27912
20952
21817
49921
773
61496
35096
28781
21935
1065
56231
43434
27978
49453
