1024
0
35864
53671
27487
58756
722
39274
7258
12177
25540
49330
8183
17213
9258
56645
55425
30393
3756
14354
15157
509
36917
41459
31575
52151
30384
1661
21046
45748
42953
28479
33658
9600
32161
22845
34801
45196
14562
52914
64864
36543
40728
39776
2536
25456
8795
61063
9620
35048
38230
26497
52398
60627
3994
8222
64926
45670
35844
51999
61587
8387
9622
48601
513
60812
42995
23898
11674
61051
20160
18875
17552
27629
22749
16887
12593
56874
4168
27313
43724
4386
43636
1659
2397
15235
40740
21741
1010
27076
23974
4653
41564
57404
18818
49154
38557
40586
35638
2815
62346
41764
1300
6605
51120
58683
11995
28833
18184
6968
38310
48879
17649
49488
6533
34732
43418
12802
22705
36619
16430
29817
18223
57127
58995
45819
12529
51558
10028
16806
30261
52334
2457
35506
22502
41459
20611
50320
21050
54768
62728
22392
9518
43137
11244
54529
20570
43964
6906
50201
53113
14412
55335
3846
661
32237
24811
16006
32146
50035
32294
3412
59870
41284
37037
13851
39111
43776
57373
5369
2202
7753
4436
13122
44681
53002
53161
60770
42066
34287
20806
10591
34624
51828
59079
52077
29855
2713
34465
20937
49272
17946
20669
7919
15145
45949
63742
27991
15085
58351
22941
53223
47340
51272
23243
54119
56897
34569
5318
23018
15656
54774
33159
62998
56280
55596
54722
35707
39136
43287
45637
18953
9819
30349
1848
57976
51788
60614
62783
58305
60164
12796
55639
49072
38723
8922
62078
42618
37767
47420
20634
20007
39004
17855
51249
20706
40666
56669
52022
9870
48324
35659
3617
54804
21370
24828
61392
42217
9345
10976
43284
63825
14041
56262
60093
26004
37794
12890
44919
128
17553
24605
21431
58412
4716
28019
7282
30025
1674
26827
22855
48691
7296
169
48438
16796
33551
62707
63033
565
29710
59799
60532
27773
51476
39362
50602
52274
12682
9593
33209
51135
3907
12638
20161
50796
47550
54050
34539
25922
61511
48814
44184
41741
1162
28491
20588
62649
12539
23913
59166
40057
51320
50070
37548
56738
35269
45950
7996
21166
3864
62661
44047
48284
32095
35640
36039
32916
10663
5647
43166
54354
52750
45164
53118
20876
39427
62165
45410
23050
14608
1320
36146
11367
32845
65378
65208
45531
13061
59678
26474
28644
3150
35168
49285
31547
10905
34317
22930
19185
57262
19672
10660
57464
1077
25587
43978
45370
54212
61314
32848
17127
48724
31718
24375
16813
11168
3842
18464
2784
49109
31312
8117
48243
34500
26387
49198
49811
19837
59388
29249
60487
17334
62432
65341
15841
30021
3186
58749
13872
52510
1412
46838
50676
27917
1432
65240
3969
61138
26061
17350
39564
4465
46294
50477
17867
2870
36029
17566
22513
61438
59644
25818
4162
55568
36940
54817
27949
18360
16686
24872
53708
42702
20146
1019
35545
31834
30487
13043
21667
60703
58466
30827
29680
40556
26621
8493
1648
61620
34845
52723
16323
49823
52749
39908
49944
28713
6941
56314
45654
62763
50641
18124
38550
528
19919
45013
34402
22968
52699
27372
45075
31835
62450
9606
21936
53191
48176
35560
35125
47489
45887
65472
25981
11794
59190
416
32502
37337
11234
11607
3623
31208
11399
17885
59088
27610
2143
30918
34216
65157
34060
22838
17838
65498
8338
52553
40500
32953
51564
8904
2806
18624
55291
31171
33576
57904
37797
31526
2691
49372
20343
17922
34653
9897
40850
17833
59962
3714
32974
15845
2115
5580
13065
28927
58062
39535
40967
24173
21550
27801
21329
37140
60585
35651
13805
59017
20332
31291
13646
3512
1477
15182
26529
22174
2540
63225
9531
52858
58037
59835
11634
8729
39054
50718
60809
46424
61691
60959
45085
16579
32533
49435
26323
14614
2968
25642
60613
23479
40491
47481
7253
6746
56482
49042
9296
2060
18153
39868
17497
22055
50516
19483
10828
11158
16823
37616
2308
31536
14403
7848
23439
42101
1836
37787
16006
27337
61174
28755
39641
31997
49981
43841
12197
27039
32469
63703
60028
33749
11651
60914
64020
55715
47513
17816
55701
609
36906
62497
58213
34521
27874
18846
41477
43743
739
64377
58272
2382
55046
11491
34591
19176
33681
20027
3323
24216
45785
35377
12461
10756
27028
28941
44635
56669
25095
35335
44114
25026
3773
65102
51056
7103
54952
57833
17993
57199
54169
26475
10689
13105
51795
32252
10815
29807
14599
14120
60390
30442
58527
20243
22783
31895
22932
51034
6008
55906
18020
53802
54409
25567
41356
4178
48817
36436
16677
57375
12954
4914
25376
43085
30043
49426
60755
22223
58420
5461
8906
30477
63710
54194
1248
4929
34620
6970
27531
42004
57864
49464
48996
28294
55665
59202
57532
25241
61155
34798
15237
58768
357
38383
60262
18364
24994
34384
6866
10956
16369
23778
56463
24378
65391
54065
29870
53823
58219
39424
29228
47544
34048
42081
23872
43257
16471
10697
21831
5524
14811
41546
47751
853
57078
41222
49284
56869
54044
55970
13728
23318
42471
50884
52414
28030
35712
35029
60986
58319
5670
53258
40841
40979
35449
43449
20233
63449
35449
9079
10782
45239
44539
53014
18268
2470
984
18745
16816
22705
47577
14559
19968
28543
28216
47994
63000
40317
2017
10976
37861
46475
55578
9416
26231
28502
32115
55257
2927
10789
20920
28827
8468
27516
25711
38556
29018
772
45839
64938
54717
19983
14047
61604
40058
45066
24193
37708
18600
27899
54728
15217
9101
5169
10405
22767
8376
62439
50787
12887
60938
50534
64120
19562
10158
59602
37202
26967
33244
59736
51581
33736
61381
44086
12979
49220
59465
33343
33679
20336
17700
42330
33874
7407
23034
63501
13651
10259
33683
22955
41710
44545
16857
33285
17807
16194
62659
45059
51318
8108
27199
28833
8950
13170
22145
10535
31853
49193
17468
28998
7729
31119
30565
61710
52364
7923
61380
23292
15835
49678
54208
34306
58487
64646
49500
44990
42247
1901
14387
54429
62443
43877
40310
24152
49404
50956
16112
58751
4791
26269
49653
31359
47553
44774
54494
10678
61694
50901
48891
40331
12902
40152
43774
41399
50278
48318
43623
7266
22871
16221
54481
7697
44532
9216
34365
55037
5981
52424
58218
64212
40364
49170
20935
16265
4235
47580
54535
6216
37276
32311
13608
45109
57195
32449
62019
31642
5106
42273
34398
22082
34646
28863
64907
24016
52977
5735
9877
62927
53498
36616
60927
16946
56606
13557
62024
64854
39963
8856
20553
42806
31162
19711
21378
8729
50618
27669
3205
26820
31622
52958
52943
11818
8931
35066
57499
54995
24399
43789
