1024
0
23804
62342
6268
29820
55129
19579
54722
47784
64506
16619
23634
51013
14589
55260
38802
58109
12227
6304
50068
50722
46051
23062
39644
19853
16560
51697
1673
21690
37115
32767
23277
24007
17933
37411
48593
55945
38062
37310
17549
60580
11201
45107
13186
62103
3440
1677
3113
55567
7968
9433
20769
22746
9165
64474
61485
5418
57869
53654
53023
36841
54325
49026
7180
13498
13637
35325
42348
57099
35881
46267
43316
60841
30901
55882
25480
31356
26058
39717
931
7614
59570
27569
45301
45007
42396
61678
33070
38898
46069
20580
49799
6079
64590
7678
46314
46076
46717
31866
4216
1228
40227
7520
20270
63607
734
63330
36454
17932
55217
64422
19078
43042
53901
33310
48459
15264
24339
22665
45383
33512
30825
26363
40242
9193
6874
15627
30046
46149
830
2408
46228
15065
12099
24552
59468
15637
5253
27732
37390
31359
39747
33024
11493
40394
39214
11460
46692
16309
7581
27711
50326
353
21673
60135
56618
16990
44192
4193
53170
55095
19816
5818
53893
16077
53970
62659
47677
60304
54962
44072
2206
60886
25513
30447
58939
27173
13467
35963
31275
7212
23195
62346
11896
33202
328
42033
7825
59791
29255
60877
61840
1629
26609
35297
12381
21702
36522
62095
29201
37697
22676
13350
36257
61559
36406
28555
53864
31698
62713
50151
10702
61202
16994
4153
64704
39454
7336
62624
14341
20035
38071
22981
17162
55793
59900
44272
13495
47252
62117
7663
4278
48765
30731
36929
40161
63367
49655
47938
47067
27461
52406
63206
10983
14862
64158
38609
18244
15900
26089
41918
33307
51081
13507
23429
1479
55046
49134
60798
11780
18456
10150
56835
10557
52323
30992
44032
16427
2691
37648
7717
19862
52113
18746
61187
5468
5706
62615
59139
30707
59287
14978
31812
39722
15875
10158
12867
13275
6941
38394
54507
35906
40440
33968
21759
52544
59483
18111
24545
61256
18891
59827
45314
6870
16531
63866
22396
18473
59784
13675
24097
24480
32343
14016
12538
65403
50103
23923
13909
43566
17802
6359
12199
19882
36599
40528
60863
29298
60128
6434
62072
41276
1300
49252
35772
14703
2005
46312
45347
6520
1016
13006
8550
52117
22806
23584
6290
2274
59339
20211
30018
48546
54639
52435
15512
3282
7057
22122
59651
51248
63633
16583
10059
15234
13000
37701
60729
36869
33449
21139
38967
11951
515
43170
24096
26103
18308
25246
5715
25746
44568
4281
14287
54852
12665
51992
13470
35758
57993
5861
26897
42397
30966
21271
29264
30820
32887
44652
57780
34793
26283
34428
61936
4304
41330
238
61417
64162
23301
8992
8597
37178
33783
30662
9374
13554
23506
7113
49787
14240
48016
30584
31872
29879
64538
61069
50548
60245
6128
52559
50562
38688
39087
6017
14424
26050
36623
54747
40522
602
9880
31025
19061
43494
58423
57686
48665
8983
30034
47016
51654
54533
50671
31549
64133
62513
24424
18424
25062
17422
53531
20951
36339
14894
119
34154
38606
55
18797
55133
48854
41047
2241
46156
58255
49321
11143
48680
156
22253
55825
22676
24274
64537
12143
3143
55744
40963
17644
34565
31711
31096
60636
63260
58465
56483
33176
13335
28739
19041
20993
62314
58317
35531
7478
52816
60295
26820
49702
63294
29728
11211
49275
47468
55537
40987
35796
11184
31744
10548
33761
49299
35511
35412
36112
14548
58585
59871
41067
208
57942
62979
58873
38960
29017
58530
8698
65223
9100
33727
61256
8739
60966
1684
55161
32395
49524
25109
35061
51374
22120
19413
39628
47879
40277
46613
61526
27073
11121
19417
20086
62409
11744
63416
60342
55699
29886
30179
17462
55796
54275
33907
65065
29463
5527
54502
49003
3542
44230
29910
28610
5023
6140
37870
46501
53682
42728
42370
58577
29582
11293
16262
13474
30881
54727
27978
51367
17070
61623
56710
28324
33864
63615
38348
15714
47705
13029
22008
15167
40320
52829
25340
9673
4744
7361
36415
37759
48016
22780
17799
13981
20634
13903
21436
33862
45356
60473
27351
34511
62007
13232
55808
1040
472
55134
32735
33855
22422
27930
49248
26048
12642
65138
49443
24560
5952
21860
60954
61429
59163
25095
39909
16543
24225
56274
14210
3605
2778
22540
7307
38653
37917
46839
7920
50564
58149
3866
54904
44717
34336
45599
26682
42504
14356
38933
61041
30452
30854
14962
57771
44669
16398
24809
23864
17799
1936
17823
56641
8508
32174
59160
1208
59122
53131
64488
43631
21040
3952
12155
17923
48479
39142
46209
11073
2140
39148
39160
23282
11682
54615
60078
47965
16201
31416
43638
40631
32518
40215
38435
12541
3320
46033
59207
27661
37418
7150
65083
41049
2079
499
3776
42918
42180
60614
41609
52304
6062
34588
7540
20196
18216
60328
22390
64912
51707
58987
20288
10939
49061
15581
38729
62176
14808
53982
19254
58102
36658
16718
7156
47293
16451
49714
1682
4997
47741
57426
48355
53351
38081
16267
3351
14972
30239
56649
47055
38410
46772
51762
59718
1829
26481
36275
57109
8402
47474
51164
6490
40604
5367
41622
42998
3875
44796
6733
32216
5525
2463
42495
8439
50672
53316
40311
15258
5212
43852
43324
62192
64438
34068
41603
43248
35344
29533
12557
55730
15563
45964
41785
31033
28350
41477
5081
21446
10480
50231
45783
4890
16993
20692
9113
14493
6892
36643
12237
10775
11459
61828
21664
41780
64626
41826
10214
40793
52796
15672
1276
2939
2198
30638
26620
57815
44628
24606
55686
54376
59831
15492
13221
35005
2273
59575
45302
43299
27308
51157
50522
24838
38002
6011
53177
10085
63616
56971
39054
64680
5964
32542
33981
59998
11949
17395
23409
17441
7205
2938
20766
41096
45019
28057
13984
16496
2620
20924
33648
33268
39180
40736
47785
54728
58382
33522
36989
6836
2904
43046
56153
31038
6460
34898
39585
44187
63249
27849
57479
1473
25149
22917
55875
61637
27273
44679
41524
59959
7560
38736
18318
18761
54514
48328
57874
25821
25133
46601
53870
35513
5416
32507
60018
34866
34008
2772
52106
22062
52654
30250
33760
24192
33391
59033
50277
48659
34086
31845
19817
2478
7852
61318
10814
36066
3876
40367
52947
38527
4414
2400
59913
21279
49464
6999
17062
52594
15268
27797
60953
42653
53599
12900
52587
41818
49504
7450
2107
60371
53102
63206
34892
16820
32531
31131
13260
12559
38551
33183
31304
50539
32117
53492
34252
24946
20067
38070
8405
2749
6234
50786
62852
62820
25022
29040
5698
44171
41689
56166
4051
40724
57805
40459
26132
5996
25220
12290
37571
33749
38880
