1024
0
49562
45848
5450
29980
6469
3596
37882
57587
12938
45632
21813
14866
6259
33860
41034
33365
17961
40035
37119
1722
1838
56608
8810
10390
17677
38042
5242
55393
50865
39771
61307
45979
9779
21003
54405
27585
42689
39112
40297
55755
15789
47900
35173
181
46896
63273
30390
46929
13451
34039
46635
35040
39346
15359
35657
34889
22161
54895
26380
2956
23438
31359
39226
11439
26683
45197
26242
58668
36949
43334
26425
6408
4823
55057
2605
6955
39622
45451
63066
41577
20242
32279
3763
14323
50317
65025
8264
2689
64658
35169
536
29310
40174
28790
4188
24338
21822
24903
13632
24438
4742
56495
6445
20968
2428
1930
34994
61352
53926
41367
44598
54055
64760
44868
39651
12100
15845
61536
50611
15053
3093
32814
27824
38774
42823
19386
54651
13300
41123
35030
61614
13469
290
28653
14794
8147
17425
52561
57535
46990
15262
59019
6563
45565
56744
23463
19697
5204
46833
16529
42126
1965
61974
48969
53364
7073
25512
25113
22632
49246
26903
37683
48611
34831
63857
62345
48010
37583
63479
25256
64148
53494
6147
16903
39931
24368
2770
64247
53928
4493
32919
8435
13234
25508
6195
65452
8489
2425
19688
57130
43357
13850
55344
60104
8556
22076
12692
53613
14439
41949
38865
17565
8444
17638
37619
26738
15987
62674
62792
31257
42774
18442
56271
26299
28810
14246
24904
48283
10591
55258
61634
64951
370
48234
7806
58174
14332
11361
38175
49622
44330
19390
38577
35513
65341
22070
39782
63269
7585
26707
26366
31800
62624
4100
44321
50797
8089
16960
56061
50926
3838
34911
23286
40472
62899
36948
54179
61098
6886
14504
27023
19209
22882
25520
54539
11563
1874
864
58162
32947
52489
21905
32107
28794
47250
35187
31102
35781
43199
46625
58947
5116
19707
15636
49833
23286
43658
52555
47422
29748
21282
21491
28148
48606
21349
19251
36787
47770
11199
19273
51436
50772
34146
34472
18823
52701
12213
25298
46469
53174
61761
24591
55022
10944
26677
46991
28184
62773
61756
60311
40243
42247
31841
18679
27606
42957
56071
12789
38822
56342
57311
54515
61507
29844
45660
2476
16827
45456
37900
50074
65310
28569
23050
52691
53718
42486
31511
38917
21183
6058
12529
11917
35204
17006
13952
52640
14732
1401
47292
21927
38273
26790
47246
32494
10977
56549
58755
33691
49218
22092
57175
23891
8235
39984
21709
55800
39235
19460
33624
37221
3068
17132
60635
44313
19827
9749
48096
62059
13223
22780
21709
6411
8065
34697
62153
28897
23197
2930
45194
26304
49692
9871
19650
58139
11803
48072
63390
62005
62399
25546
49705
43354
64303
29248
22767
25029
32529
48148
48813
64533
60927
59451
17905
61775
34500
4364
5380
27759
38728
6582
26989
32371
62243
62232
35078
58212
61990
7861
25044
62942
56040
29394
47512
9740
18857
41648
22274
21988
31923
37142
60336
35222
7718
4799
22965
23846
54130
41460
21754
25472
35371
34565
1019
5606
64005
33335
58228
16745
56160
22674
61744
23004
39283
27620
42985
17268
61851
63482
40975
19783
60108
44098
47907
36250
14739
65421
468
41123
28339
37057
56527
44295
27285
12613
19159
61299
46392
42487
47796
22224
44252
42722
42311
41066
21367
63568
50517
26359
22179
29806
39809
35467
48523
52126
25602
1079
20809
33128
48057
25471
47434
18598
1333
55127
57601
19140
1132
1374
44449
13322
50279
6291
48825
57628
55819
11463
11552
63125
10478
29614
51232
63887
38398
8827
14521
36989
3436
33826
43417
3240
59309
8824
35729
18705
8020
18801
18642
36356
22867
18105
48271
28826
9729
55515
61809
64224
26325
14948
18029
21815
59739
19362
14717
64116
24691
14244
17370
35853
13065
4441
32531
34600
38156
41171
914
36541
49384
36378
64043
30035
24766
28403
29414
22627
5320
1940
39473
38988
36468
21331
29697
29129
10803
51203
24347
37717
23488
27789
43343
6173
46993
61018
9833
49064
3242
65451
62724
3048
13756
44858
47887
65098
6489
62529
31476
13435
64984
4586
11374
41115
55358
61252
35431
45268
60285
26009
7250
11705
51375
52147
43892
10851
29107
14673
26448
5086
24333
62624
21753
35345
38072
54531
40066
25538
39895
51077
9888
15464
25230
18787
23273
16386
48784
39196
30595
23583
56215
2012
43323
51482
26089
52808
32803
32273
55068
44819
29923
50780
22820
11300
2166
49510
2982
53457
13994
22485
495
32224
57714
32792
49276
56411
11937
25945
50176
32265
17809
31688
29706
13259
57370
4805
24983
63476
33068
9624
38189
21065
6637
22516
33946
31233
27020
39763
24541
24699
52807
70
33335
3848
34841
27595
51884
9774
46188
50642
15229
12560
4053
11309
18662
48233
780
18386
41874
61998
46418
61414
23498
11858
58258
34920
45861
6074
30028
13412
36975
55416
6428
57527
38788
41574
26543
13381
14882
51761
46340
33640
14999
45879
56571
5195
7911
54221
41861
27567
26112
7985
53440
44116
42111
60850
59631
43679
47074
4278
38746
24097
42270
39284
176
1441
52796
44296
3600
13497
9968
11939
43051
10811
61506
9169
46980
27834
35732
24164
60334
34944
34554
21791
3545
12932
3708
19444
34013
11884
40118
43134
34535
51133
16573
4858
14076
52064
42469
49872
40091
55421
8782
43867
21436
6506
28938
48853
32144
47954
1260
53230
27395
62678
62570
6111
32201
33155
55364
28582
10945
64392
54319
20517
14179
27285
60511
47769
49622
48455
29062
65220
48581
64087
25938
41231
6644
39918
47777
28217
36924
3939
17312
3502
5382
54968
15448
13973
35067
9146
2334
22238
43871
63957
30845
59652
41465
42826
1624
24045
51046
6985
37526
15060
10587
54719
37853
63395
3814
2699
41102
51049
25487
48476
40678
39007
53362
61689
23538
57541
16397
4219
42405
18237
5593
37633
32663
15037
10412
28298
56407
40648
18868
24012
2180
31091
52926
18688
2463
1914
18492
3449
17254
60015
11898
58229
14011
17424
28741
49597
29275
44101
29002
58567
48174
49579
2755
14395
16697
57011
31341
43908
61415
33788
23928
48104
42151
59304
38374
29703
29846
18545
45470
36308
40159
58840
24246
28416
1465
21758
65218
10537
8662
18084
54527
25521
49209
6103
63060
4242
7930
39105
40807
54387
35457
44951
59325
15764
62244
9251
5628
25324
54093
27789
125
755
15304
37781
47492
5154
19676
18541
35600
27473
8685
57697
18173
15547
19864
3378
46970
12149
32943
43843
59618
41439
50541
44097
18272
7259
40572
43613
24766
48330
7824
19433
9640
37903
14262
14450
58738
34975
58256
176
42243
48115
57675
