1024
0
8867
18416
8613
41336
27677
60899
34905
22488
8364
28976
57322
36619
2971
48511
4552
44177
29975
53628
10872
27398
15190
53533
20454
40949
54466
55709
4264
8078
8805
6036
14152
51833
37834
33664
53263
19062
13398
48718
9707
24001
17272
17638
39286
63105
28935
25351
34651
51312
28777
9696
1025
20550
1832
36402
59170
42990
48084
13244
57584
3020
55539
38012
34470
50796
33837
48220
260
5385
39941
57577
38161
59305
24821
22708
16845
14536
15206
34417
31800
40931
47954
61742
60486
47308
51946
55482
31285
10653
60208
52461
15077
11334
12318
37185
28694
30088
43204
51073
1405
29349
5687
5024
28101
65276
42085
19874
29832
8055
65058
9567
36061
53942
11983
43851
49254
3140
12677
60653
56423
29362
64264
25556
8517
36061
17410
13433
30038
63252
58234
32038
28952
4010
34709
35218
27823
32414
18620
13269
21309
13457
5886
50890
43644
4341
12097
35733
56365
16203
36969
18818
2642
56274
40812
41765
62933
59460
45266
25159
29091
16741
6471
40278
40611
14476
41312
10383
32594
10264
52279
18737
8855
62514
52249
18512
23956
33175
40121
7420
56200
38996
18136
7354
1646
35709
50990
49486
54089
12296
31245
40520
65513
32739
21762
57006
33988
62484
17352
35698
4862
34283
2091
54179
48424
22722
10453
51971
36530
50726
13631
46877
27040
40639
20884
48431
632
63590
6077
25723
17622
41365
11331
47358
26109
65259
5415
8199
44062
49025
110
55119
50038
19155
35492
55834
3811
19492
923
32681
34804
13017
50755
34380
56299
5422
31075
2775
8745
63600
49587
22071
50205
54996
47503
23555
18558
11748
21056
48811
62421
44251
17934
33708
46294
6172
55810
27019
32474
3153
18399
48263
55888
9138
30402
17134
30032
53932
57153
29061
32925
23523
19555
15845
6893
24007
53338
38930
42874
6746
35783
18251
14621
10550
41623
6739
35886
63648
12818
7195
51246
62830
29111
47277
443
32426
31878
8985
51727
5035
50886
61109
53325
4493
57788
64262
59432
23869
11027
64893
21173
22834
36914
37720
37994
30462
21660
53021
10347
39353
43968
31277
42292
12628
22270
39550
36523
26171
28289
30705
22614
64780
62749
27382
46815
55555
26215
23841
39665
50362
22016
44903
11948
26380
52746
57659
51209
39629
5375
55194
40892
26596
62602
39669
2630
11838
7719
57708
29767
55580
7880
26682
28806
45649
27715
36018
26124
12725
56118
29139
2784
62536
52744
50191
7550
52168
21725
56726
31218
666
36735
58406
56531
6627
28781
29111
52222
12561
12879
37191
3732
50827
27244
17458
22273
14031
10175
28255
15077
50214
43061
56027
53878
60095
15379
5747
49421
27718
30328
38050
42014
56042
23491
61822
58136
49343
34603
3453
33692
7021
21173
10084
29684
53867
13088
58014
6555
31619
16677
57577
2171
26259
52690
57134
7192
45603
23941
24644
35112
1061
56380
7763
4167
57672
17069
37747
28850
28155
10516
5792
6326
8332
25063
36965
28406
14790
18296
28164
20160
31427
52022
39213
3295
50180
15762
5773
27085
22784
28515
40310
49017
6781
57425
13858
55156
13409
55290
10050
9827
49519
7121
34150
36193
5515
29824
57440
50090
2529
20298
21748
50409
10278
62706
35178
3955
18409
19051
13396
43022
44120
58073
14387
12771
53451
22065
20106
12419
29134
9939
19226
16670
38279
16165
53130
36274
49353
52060
47887
34672
34109
38086
60048
35351
27487
64044
47360
61656
29154
58318
60857
22356
34475
48356
8437
48222
14894
63499
5994
23370
33694
63730
33895
27325
9498
310
18570
42426
8119
22348
14996
14253
40038
58272
23305
61751
23263
10574
63543
62830
55656
4784
333
17474
40606
3085
58160
243
37157
9774
60445
7058
46072
26847
38951
26431
28103
43154
58841
25791
35092
45725
35528
19111
4261
26278
30410
22814
25334
60332
45267
16824
50580
22090
13406
33034
20521
56492
30525
37838
18111
48835
48056
27509
39819
64004
28393
24236
52736
37457
43368
24663
8341
21383
53849
278
17777
38038
9706
39186
15711
62995
63598
64087
953
16271
13208
58434
55686
13401
34951
48707
58253
60092
65096
15629
4431
57274
35749
51283
23625
47669
22509
29920
63638
1895
6920
21001
24501
6377
50155
33177
44307
7367
53377
25080
5955
46026
55655
50709
7358
39584
18898
24616
65161
55194
17348
25689
32065
42833
63436
60691
19110
36121
63965
56173
56341
12934
44562
46105
46716
19754
42956
26408
55874
12353
8058
61572
55417
30916
7179
61883
34791
24552
7890
54682
10835
60081
37175
52092
39342
42883
61329
51753
43308
38859
22574
15532
52954
37812
60609
24378
16905
45793
52806
23692
55756
27671
61134
53746
61026
27978
64565
6986
35182
14008
4148
31151
239
65054
25556
38454
2388
11084
14810
25396
43233
48385
50725
436
39842
58849
29778
45484
32218
35134
9934
45971
7443
7791
64518
57749
20721
23789
2044
61107
10616
1325
29051
32076
17952
3576
41736
6148
27493
16021
14026
20521
37452
5364
2865
15505
6281
8191
44730
65523
47489
28766
54883
58333
47566
42254
31295
41067
60335
26487
20601
51427
17491
12122
9345
61653
28966
61357
3004
30813
55590
23405
50187
56095
34961
61508
28674
20071
65446
2488
36924
35450
42424
34514
5649
34004
29012
40179
12543
21977
6410
34536
51988
30801
50471
56479
4002
21424
49622
10964
13314
28858
38866
35107
43654
63260
62095
33053
44545
21155
10736
13268
54055
24327
46824
4105
46928
34460
4322
38075
36634
41073
33317
55816
19735
40799
10654
7483
28979
22828
61315
9575
21328
18397
61504
60218
56212
44550
44804
6651
38242
28847
28970
24297
44723
51103
23277
47563
17594
46347
6039
2803
53602
46769
15305
65159
5739
59950
14830
23963
33656
17359
25206
7490
52323
3459
63897
13626
29495
26584
19839
25948
2065
34554
42515
51587
45004
39984
39567
44380
45219
63513
9976
64004
49831
21512
9205
17742
26937
57772
18892
45689
21931
26230
48263
22382
2661
15669
48798
3217
18896
10858
5080
15034
8461
47307
6465
62563
11603
23274
36782
51754
20211
64173
17029
10888
33136
33022
32943
63079
30267
51200
60923
339
29504
15467
39615
2034
54621
36566
39421
15118
4245
24895
11059
29204
52828
38664
42407
28697
8781
58807
36248
33195
64755
50413
52318
42869
39427
34985
50008
30366
32592
514
2574
22031
40569
48097
45872
62413
49621
46439
24329
21311
20121
3769
47567
57723
59478
40845
52236
50151
41043
13503
47919
54830
41876
8942
46380
21307
57585
48799
22826
25603
5577
34012
18915
61885
14444
14340
