1024
0
17506
30097
41565
30565
58402
18027
43235
16904
43885
57229
62892
33744
40767
50360
33914
20198
2907
9139
9622
25777
63102
11351
53231
52472
23225
3547
40676
51923
59161
19292
63830
7823
22229
8152
37799
14704
41482
53612
65481
45346
31012
15888
5675
26015
57858
8066
33838
24749
26267
15285
61846
11419
38231
29344
31497
29913
44475
22728
24460
16887
46240
34326
39017
63181
29300
25218
857
14857
31970
31899
11217
16090
36399
7262
27206
5421
12526
33879
51627
48559
65416
38105
50329
25902
50053
51563
4088
64570
60773
24105
14873
17589
36812
32121
31692
36773
5002
60088
23037
27938
25317
13118
7987
24035
29553
23828
16047
9727
35224
24364
43833
21349
29075
1916
54475
63001
35547
40916
1163
32899
47731
32085
37319
43075
37113
47289
48726
43219
10097
61402
56681
645
57319
61099
2209
6800
4797
20837
12870
54043
31
25922
45456
50245
50641
29609
63738
20968
15181
11293
27021
21327
1922
40955
25356
35218
26261
63646
48739
9906
64412
43404
12096
43759
3672
4057
47326
885
38784
31321
10075
26741
7475
54441
52694
22218
47237
49281
47636
61422
37433
9764
6026
6069
306
44952
24873
11660
33426
36620
26700
31390
4026
44229
57675
22907
36808
56054
6011
7943
43847
26246
47128
2601
43873
18355
37419
6044
11389
8163
23757
16477
37820
65468
12519
29676
57345
55155
1
35999
13831
35708
34095
15156
22724
23824
49104
31226
33300
39096
20854
44359
53061
32703
43482
50750
15711
60820
26829
44143
40678
26436
15220
2981
45035
27429
56051
15907
58875
38828
5447
55161
28380
30369
58077
46108
55692
63047
19130
22368
35259
37963
52003
57500
49874
16181
40434
15966
64674
60010
55277
25421
3361
13033
52864
53567
49082
48864
46322
55247
27705
24404
25358
50297
51325
50408
4614
43776
48025
32023
17244
17498
56534
9783
54108
37548
30616
59304
37775
61425
62403
37899
31677
62191
18383
52586
34842
53997
30824
62356
7776
28163
23107
3491
23310
25814
19208
4289
61584
53013
43779
13360
38221
19634
10746
18385
20326
17278
52351
30222
19678
48310
47602
56173
6161
40330
11104
22794
58072
54908
9699
56001
25377
32075
10189
54027
24026
54878
57650
64534
1484
42751
29699
25309
45546
58224
48564
55835
15852
35891
64654
35622
3298
25876
44261
3809
57895
53873
53417
40887
56208
13215
31823
54660
63256
48478
22754
7951
42484
10978
19762
54973
6615
27095
48758
2033
53319
49331
28776
13346
840
2871
45601
21673
197
40330
33497
46522
6247
42170
60359
14673
33385
21666
47354
60890
50276
63833
31319
3149
35669
55472
2504
34695
21268
514
21920
4825
48738
10423
38487
29331
61176
17606
22439
10826
25761
65367
48440
49332
46908
39290
61848
33216
41695
60466
11414
33844
23712
29725
7663
19759
18663
40513
21986
43192
52848
60688
11220
57337
37427
42076
50239
50425
44139
3660
64669
33625
24534
10957
54638
30226
38045
46013
6353
51284
20554
5758
64367
56945
19988
23473
41668
3851
40109
14482
44822
4433
27886
44157
37744
37912
46587
5091
31224
40989
20752
26189
22851
45804
34836
39861
52195
25464
6063
35380
28261
64402
64783
61873
21005
21910
42654
60027
54757
19784
12046
40879
9687
64062
40318
38669
37128
1187
57383
3132
14156
28203
297
47218
36962
5102
19036
50007
30073
42996
55421
33552
5046
59234
60678
34954
15161
56297
60115
11058
54729
22831
6498
64981
18486
36972
7311
35089
50351
19511
7857
62010
16457
27032
37363
64190
19559
17178
63781
36281
60284
16988
51006
62920
1495
8182
65345
49795
7110
55105
15757
52235
49221
53808
33190
32686
51426
14985
13581
764
58063
35832
33992
44608
53396
19342
45506
60779
14669
58223
49894
3384
55903
26361
2852
2319
2891
15493
23780
42559
36667
60164
19450
7510
8528
30508
42955
11054
47261
36452
13326
6245
735
22954
49817
940
41585
51178
31020
33476
35712
8154
452
4113
1323
43059
62939
65089
8698
60947
42255
43344
549
13256
41128
9966
22770
46243
28571
4702
24850
14816
25172
37383
7484
37830
3918
5575
14240
31513
19301
30497
23747
23554
15287
11908
17565
39434
42973
32415
49650
50460
53920
10992
37476
29998
1972
65126
25513
28411
14230
41267
41415
10992
56714
5918
35670
57496
15214
48289
63914
27504
38931
7904
55053
42603
20516
19540
56573
40752
43359
44578
24114
19886
59635
51865
18420
9127
33978
34805
23715
53111
7377
35803
35975
54952
29845
18613
32619
14148
62001
12200
31465
31668
31291
13501
10950
61707
14590
5211
22607
30749
25043
54056
21724
778
19728
21927
27145
52685
44937
39469
24227
20108
12099
10076
53443
11432
62678
34029
35150
21121
40336
40907
64408
58738
39130
55603
37554
50001
18525
4578
52167
313
46476
7905
53686
36178
55305
60416
15617
47382
31551
12422
30149
7944
63313
61115
11285
4921
22271
53741
40026
11953
34167
62062
3573
17873
5066
21924
30664
34904
22421
41168
8868
36331
35577
299
24409
12013
38941
12714
9376
38882
7080
17416
32642
29959
57841
18621
13364
57890
18989
32518
51680
14915
8971
16429
19990
47106
34754
40183
41415
6678
49192
58140
41942
32152
44628
45372
23550
5673
64184
26734
63069
33588
33318
38870
21972
24179
62787
55991
63856
49331
62524
45968
61890
19508
26401
41687
62282
45949
59110
54270
15356
41353
58516
3117
56497
63891
58142
25965
27175
56704
44159
5591
65176
60890
46293
29383
52711
58381
35
22557
65129
41879
2323
293
56254
23728
33193
40450
25616
59671
59272
2420
49840
55109
44545
12579
42160
40552
63599
3827
7750
25665
42495
44044
45332
57953
8818
48888
37266
30763
46188
18043
37098
51378
26336
14016
6713
56200
31277
60162
29453
7697
51590
19358
55639
4598
13363
48920
42396
37947
45003
23803
3963
29996
18987
31136
11219
50466
48320
63578
37836
47369
36678
51244
62011
60712
62097
20979
56705
30125
53782
23214
2531
63261
46064
45321
32528
38726
5420
723
16885
50885
26544
64611
9378
50686
51832
52029
11976
1659
270
5942
24025
37888
11165
39487
25109
27754
48824
39040
42234
60750
37086
35396
29694
59243
37614
1571
62926
60815
53080
17789
53512
64608
31932
43295
50266
63252
37991
10208
37509
45651
52306
45013
30972
1687
53643
58832
43131
749
35416
17494
47925
64200
27464
11160
51613
9287
26949
1526
63943
60142
372
41262
3194
19803
42703
61992
14881
3319
22998
49781
623
43795
51751
51261
43005
20341
39329
317
30695
61799
13536
