1024
0
9142
8420
30016
11955
23698
17518
41042
57292
32090
45110
4755
31101
52753
11701
53392
29002
33749
8628
37223
9788
39801
38544
60255
50846
48620
36851
13650
35808
9990
25089
21853
2544
33766
64110
41991
15163
5806
51136
49705
15694
35105
35671
27934
53662
63570
44048
4166
55867
35281
8842
22121
721
8259
31035
43574
8753
47144
48634
27139
15799
55449
37199
32135
25461
43698
38466
4851
43192
11539
28865
58784
525
64151
65178
9455
42903
23899
16055
51315
47087
30460
3113
56615
41159
27172
60339
6905
19857
13712
27468
4473
10559
35874
30341
62496
62454
39448
44404
55075
58030
45924
1934
4650
5258
8362
20719
3782
5533
58491
39252
24498
46063
20022
44655
26537
52504
51193
22545
42561
56226
3797
2907
64110
37419
17432
50251
29755
54238
60770
18712
5783
53272
55423
3154
64221
16580
61017
23547
41695
52204
46729
4506
23480
8128
45453
22927
60416
55734
2350
14201
28370
57701
44352
42742
61842
62770
47953
4371
20914
10557
29352
65340
22296
58223
21480
31824
63628
36982
59580
59213
40814
56503
14983
48396
53833
12819
24115
38529
61038
65329
38771
47869
49980
31969
16946
36086
37823
37366
42752
45839
47226
15822
51931
19610
1919
41398
17913
36988
24296
19020
17039
12786
26541
41330
13993
9898
63591
39026
42671
37221
49543
37927
47299
64313
24520
63729
56763
796
34268
59629
43622
61621
26408
45636
19415
3940
46292
64615
4599
38537
42141
54463
62333
18648
2775
31908
59039
11401
64628
50503
30940
33682
65417
31612
30722
1982
12860
19811
361
45539
57209
37827
31283
53295
64906
31846
45417
65461
18264
40448
23262
40568
21784
23684
60285
51121
41980
27615
42436
61530
43017
53764
61580
44712
64870
3366
60310
42512
4841
37355
24433
39803
13559
8011
52357
45073
13459
8756
42037
49043
34486
9893
48375
50575
55177
42698
50289
4613
28961
24960
10712
20270
38639
8906
47517
25680
22482
43035
27527
16644
61067
6479
27359
46787
24977
40605
24117
11769
31437
2705
62453
60918
57703
33305
9132
3666
30024
46768
49614
20049
50602
50160
19357
7852
22604
11701
6612
26010
15486
44796
19002
57105
63822
14320
10014
1441
32783
28214
26484
30271
515
31558
17007
14244
33825
42361
49164
57908
36846
17474
40992
56114
45598
53243
11248
7063
51723
47518
17080
33583
31752
38372
64286
63298
12863
44312
42182
5060
63051
24301
3238
43729
21939
9576
37272
19520
63431
14585
16078
26041
63657
28833
19836
25468
20518
57251
59237
24627
13752
59545
51648
65424
49004
36279
60922
13491
19013
42318
64741
43159
7023
8575
56398
58567
38106
38627
63541
15432
2588
59225
28366
48083
54709
4176
50975
46028
42733
13767
56753
61693
8473
33967
63038
13420
12915
25532
62071
18868
10496
18781
57698
48877
36033
48298
4619
55650
27854
5931
19581
12593
46984
45041
15763
56435
34930
4665
54744
45598
58043
11163
30377
50537
64357
10205
39442
44936
36791
31563
61930
35799
11322
16303
30038
22696
45854
27173
55757
42182
58977
1984
44299
26812
40019
22116
41714
31544
41446
29406
33603
55884
15631
26995
27235
22674
28847
49753
23401
6875
27553
18216
54486
27474
48940
45159
44062
18307
12175
20616
29791
6330
48174
4177
57307
57141
52778
52687
20983
7179
5895
63546
9250
64197
33731
37577
31812
63539
18868
13139
55795
16388
23222
50760
38290
50351
65240
28518
60410
33958
59674
44194
45629
22580
6598
26001
39259
46717
60966
53343
7474
1559
30529
32712
20251
23507
63266
5666
17392
48600
33423
58297
31057
19127
10084
30120
4873
6756
60535
14831
24948
17396
29579
29434
21274
62969
5960
41008
56814
41053
40433
31398
60638
42708
28471
19946
51958
18722
55286
19926
7941
26632
63919
25220
2873
316
62282
40590
50544
10434
4324
33737
13688
28836
12495
61491
11843
37929
63400
59108
22607
17353
15355
46908
16773
55185
34828
24496
39362
23155
25392
29512
62140
22514
60120
41502
3263
34065
40730
53466
16414
61124
26269
4170
62070
45794
60386
22347
2653
34874
41312
24682
61641
40205
9697
47304
2592
40708
27732
30512
7947
57726
30651
53763
8305
51002
3558
7496
21305
42635
29128
3495
47114
13573
59468
26373
18049
59627
29593
23510
18402
50068
45252
7961
21725
464
45047
992
27129
43959
63939
9008
6455
12654
5624
519
10664
37666
5335
36594
63402
63351
14024
9875
53008
36343
5040
24327
36606
39922
45898
18342
58799
11569
19257
48941
5087
54301
31142
23071
39368
9066
33307
21206
14284
53954
6396
53730
44795
23229
47090
46270
49016
43264
18150
26030
51334
28636
61502
6785
18130
12669
41395
37882
34783
5534
27482
57436
45185
43352
41268
11869
26726
7577
29954
11163
51271
39293
35572
53394
65380
26846
47423
58820
456
5705
46628
10260
33943
40076
48582
44552
30792
2550
41931
2414
44690
45738
12903
20432
41200
31003
39513
19200
37688
63245
58278
38565
36736
19150
3986
53118
53409
12158
12177
47609
7347
27682
39039
20112
16518
36725
1146
12815
9717
64478
35642
24163
2645
36246
49508
678
55410
56951
55111
42081
60552
57348
21429
34036
25980
30947
50773
15428
25687
41055
47259
53678
51137
28300
34809
20044
32777
42545
22554
19608
29488
21071
40013
24569
57301
45891
17508
35593
21523
57227
8438
47366
36664
15932
40983
49328
4606
906
46644
36204
6798
36916
15973
43627
65534
57029
34544
7457
44794
8134
12044
53284
25756
27097
21888
20738
19965
4354
2400
60367
55023
24048
18251
29485
55868
29968
35602
51036
5515
8639
35151
40284
61618
8081
60171
5068
35526
62500
20718
2242
2911
58127
44385
52186
59291
56092
65526
50351
23660
19996
25708
49175
59855
55894
5782
34035
15613
21666
33501
10841
27459
11960
24176
26022
2096
31321
6179
15949
56844
35684
19460
6731
37707
2731
55384
48183
43591
34424
10584
54383
13549
32638
638
11935
14340
27206
55019
46032
28219
8176
48106
50856
8
36611
39017
61577
5328
33722
13744
32168
35144
19039
26884
42085
44068
10576
28319
46263
39984
59818
44546
42142
43221
37377
5058
27627
17614
48878
16035
5777
17348
31243
1356
15086
65112
21525
6421
768
48233
55604
54143
1651
10866
9777
31454
18880
28217
44133
25976
13002
7414
13608
30390
20873
57948
53811
45600
33241
8398
24073
7339
61361
62682
17553
44108
24454
59325
10872
52136
2267
47352
21657
45316
5989
32506
2297
51378
10033
10747
11262
60237
25892
25769
15211
62924
30134
11418
27649
20551
