1024
0
35720
50089
35725
63125
60067
64786
27669
11139
39468
13607
7614
59580
5957
5474
14778
24316
46799
33300
45441
13727
15978
10182
1914
56736
3382
22286
43732
34192
46428
64461
16364
13664
24507
25586
39249
23677
12144
35495
47570
303
52890
62311
37432
1524
17713
58941
5739
5609
9232
2410
52314
21051
25433
63409
48174
17772
50424
36805
62984
31411
43475
2737
38912
24151
41013
59597
52120
25838
63375
27121
21162
34104
45176
47273
51724
63882
19326
1472
53529
58599
19142
64802
27746
65252
14939
41004
61027
64912
24650
17604
45782
21194
42933
33807
14316
46502
29673
8614
29694
57872
10010
39817
24984
22798
19076
48527
8708
3034
51652
55577
62784
10983
14755
28333
6142
10785
38572
21158
51389
27687
28598
63837
60766
11463
36866
12827
25590
33018
50841
15336
37145
40047
27688
53191
59268
22448
65018
27121
42884
45737
2673
44598
29343
55509
9185
10744
58148
27552
27539
41419
41352
57568
27127
57732
10214
48994
42028
60369
34840
24451
23128
64119
52087
6666
60340
368
19153
25413
27234
35333
25462
20847
27480
56123
62851
5351
54362
25728
6338
53444
55889
31529
52538
56335
65261
55494
38872
15424
20490
30013
13307
56092
7465
63023
30555
43341
39187
2263
40843
46473
23920
63137
63963
22892
19325
14295
5267
27770
2042
32896
65001
57011
54936
27765
33971
194
58104
14520
36590
6323
33966
14208
54131
47950
4864
21265
60607
25670
385
11069
34710
18422
5814
55447
23947
61832
12800
61212
25940
46087
26728
15415
21585
23786
34454
50134
59525
697
46839
26683
14126
42703
19279
12448
1475
7003
11517
49756
35978
20990
19054
32451
24484
14243
11200
6547
53171
62805
14738
62839
32184
17906
40672
6831
59689
1237
45494
95
59598
33485
31773
23907
18428
8906
46347
20560
27420
7754
56027
11823
5598
28275
7980
57573
20786
37899
29816
50348
51727
28776
61566
1468
56720
15914
11702
10261
44756
17789
59739
59595
39922
3343
54449
34832
65480
19442
50518
50421
21502
25238
36520
13160
39011
48777
38438
11037
13280
13701
48282
39207
28823
23864
29195
37859
29745
29885
27616
18532
17886
50734
53659
55210
31876
35517
37468
55764
23212
17518
21241
30384
13083
54623
53293
57819
23310
2619
38615
52117
65433
60547
61383
32542
14027
23894
5927
36575
45320
61288
27727
54965
1254
37791
3528
46284
21968
24937
34331
35656
47563
10993
19894
45670
24447
44707
44251
8982
8444
61222
44283
36997
35191
63489
1097
41453
38807
41865
56324
9518
31831
35871
24114
41544
24630
19764
8400
16181
23604
12697
39731
3734
42978
25322
52540
16022
58998
58874
44582
52292
65096
32828
15729
30093
55983
36312
13951
52947
32225
39654
61985
18928
12376
10962
40326
621
34065
24064
34302
27663
50774
26550
12835
27749
42878
18889
18504
44771
13965
22955
27651
41734
9032
9685
37897
33872
29678
44475
20807
11416
56196
51770
1116
63477
15965
56876
17559
63018
14055
35238
7424
342
61472
30683
56690
15365
62279
13996
15767
32983
60378
57517
12905
33900
4928
64038
31447
30913
63169
28688
8748
41081
59928
18169
46030
58617
25224
48157
40528
24340
26345
42832
62928
34917
43316
36971
53898
30897
17515
36857
54272
53819
42438
28078
31598
17434
41516
20611
39592
55482
60178
27172
57655
54200
37424
56793
29211
20480
33366
59578
9493
16988
869
28005
14872
63207
31978
55702
19333
39806
50323
56792
10861
21903
13439
34699
56323
58168
52769
23675
18668
43361
5559
56145
65219
19663
1577
63566
45697
60729
7887
23070
33511
10401
34758
582
48322
35081
9332
52812
32176
63707
49652
65219
62822
11073
41497
42487
18354
43204
42323
43639
45569
48018
57278
4091
33486
23447
3439
45805
15955
47062
55347
5744
42968
6618
59832
30150
54960
44927
40868
22545
14380
57163
62009
62813
24938
40489
30228
12367
31831
45740
34922
5978
39465
62628
6281
41528
52
16040
42194
27673
2583
20817
47363
4409
43332
2975
33530
34027
23167
16723
11799
30401
44554
41041
28161
11371
23154
14376
20594
1689
31963
7664
25627
1500
55905
13113
61052
14467
61327
36191
18027
64820
64608
39333
35450
10987
42333
53595
908
59365
28299
6259
761
59571
60661
38481
61533
1012
7223
62997
49355
54348
9426
15105
49453
36946
10954
30284
22197
39736
4153
27587
52482
22066
21416
42646
53378
46516
1157
56347
52561
31085
60891
63133
48724
46703
61521
13774
26692
54330
59886
6276
9230
26088
43831
39891
20186
47183
12810
48430
21711
14611
9633
14251
53839
14000
11584
39688
17950
20137
52833
52594
16202
9654
38028
28421
1754
32910
3550
63786
63796
19228
42962
62160
60224
10380
41294
765
6377
57822
32880
28485
48749
40883
51471
32761
57309
34308
56619
29969
36607
54458
25252
33322
28964
5404
51922
52939
62442
5875
60601
29619
55978
12940
52374
1994
21280
5338
36152
12598
45373
16274
12492
16375
27328
53851
18266
16845
8107
33468
25718
37353
56190
30031
26907
13087
23849
61198
34942
43192
54412
59726
54933
40513
44563
61881
51968
16909
55233
1678
56177
4829
25947
47933
49354
42114
45885
25874
40262
32429
25900
54719
54552
917
52985
59359
12116
11763
62428
20000
57616
37747
680
28
16313
58752
17255
56512
18602
34625
5999
62207
16487
29642
6022
41477
50839
12307
43930
56741
2854
39479
30838
24408
59980
47655
54622
26927
49804
23855
21813
27833
31669
22650
34082
57929
57944
17101
10780
54754
21817
57769
3056
34693
39807
54724
44355
42728
18492
128
23180
14739
44300
29182
8859
20859
34505
6367
2284
45652
53825
24
44431
38799
23050
1682
34066
57749
62054
47049
28394
11461
35183
63632
18249
55729
56866
43631
12025
957
41783
57453
47437
21886
15389
50241
34062
14708
28898
19330
55857
53295
58530
20979
29391
38221
51831
10906
21261
49576
59692
21735
44725
27903
57113
1530
63891
20815
30707
7462
31157
10975
1021
1409
49869
23053
52881
25952
27395
12213
4757
29515
52247
2735
50296
44787
65392
10486
49763
46708
28260
48334
24040
6160
33641
15554
64410
56568
18486
63984
17154
47070
21897
7353
50946
10096
26953
34139
49060
53296
49430
5000
22123
22770
56997
57073
37479
18838
720
59599
12162
25994
59600
49216
4370
10448
40723
9211
18461
31483
15510
2207
43741
65139
38689
15820
9605
2740
1471
19552
14856
9707
31841
41762
23031
13815
35225
13873
40693
52913
1876
7117
20086
58228
33817
32775
59613
41358
29312
54622
26882
41115
11119
