1024
0
64288
13394
1756
207
7311
6118
13118
6536
58183
54895
27116
21206
40500
57532
30831
23147
16708
55963
14670
26511
8008
59821
28995
30336
53046
37483
58937
50416
63215
54377
44509
44494
22961
55
21718
29729
217
63203
22843
29649
41218
51070
38103
27801
7822
61844
22569
28798
8093
19692
34388
65384
50008
45106
17083
16725
59761
53697
56818
5261
55847
33681
31576
62240
5017
62353
63911
35630
31683
38117
40142
59641
30475
48284
55374
26488
18660
28044
25237
16999
31459
33245
40312
55738
58817
43920
52893
40290
40061
8055
1071
23260
54654
63743
28704
1007
15495
13671
12559
25898
9702
15835
6386
42686
15888
2069
45414
50083
24122
28887
35098
29778
26897
31226
53854
44097
31847
31425
56824
40228
1737
27041
25001
60094
49621
14833
11808
32000
46999
40283
30223
41107
31096
48500
58189
20047
53291
40729
1753
7134
17731
48632
2441
7653
63027
41568
18015
8072
34509
1591
29754
45668
1596
48810
18882
29637
3042
16719
8939
2387
6786
40505
4638
43928
17948
40435
54416
53452
32406
52339
48267
61244
55096
8028
51135
16458
60985
30973
25294
1008
29516
33456
10909
50371
58316
23880
59166
46562
46798
30799
54068
33971
29805
44962
32142
8061
26947
62451
38623
22339
34090
44102
2442
44327
1409
28776
15581
53402
29415
49263
64604
15422
23363
28511
34785
54479
34087
24413
57573
44715
63100
10227
29614
23631
34184
44488
44789
26379
11020
9248
16723
61201
48521
22232
13047
17598
6831
1093
26794
63399
22777
18968
14351
53444
63264
36572
48317
24435
7177
1493
2313
28619
57583
57259
48955
59988
38879
34462
58335
62153
33368
52296
51708
13625
48875
56076
18710
49528
18801
27813
23708
61735
17664
54085
31997
300
55841
36339
39432
11394
12857
21864
53210
16251
4766
50426
52750
374
37801
43076
33919
42075
37556
51722
47960
52493
45936
6093
59151
30756
38396
23071
48431
61868
38310
41759
55337
22161
6702
57963
3291
796
1339
26287
2075
44966
64806
35792
8876
57828
918
63926
7753
65117
21541
46159
41080
22520
11329
56310
49786
62739
26778
38557
8436
57455
20188
10662
64479
52163
17670
16719
19472
20622
51909
27888
15098
25974
40642
27059
32010
9523
51397
8488
12649
39155
42179
36794
53153
388
40393
57289
48260
12440
14337
63189
31838
52017
24039
64185
35383
32209
7935
61171
59633
3869
16099
17347
48116
13983
29142
5874
45662
25739
3253
39996
49348
40104
6367
19109
54941
61349
20135
877
8066
16392
62778
1606
34004
44662
37035
393
41812
49489
19525
59819
20627
34107
22595
64727
23107
42081
27190
50735
3236
61857
51640
5972
21816
35985
53730
34537
54145
55317
5602
53578
36640
44372
28519
16148
65260
19866
11295
56498
6090
63316
33050
4753
60042
1448
42230
48810
53339
19605
60190
25090
54711
22464
64451
14061
31612
19562
27522
22076
34062
11028
39294
59574
21868
62133
53376
53153
410
33650
30088
44830
10216
36750
58952
41187
61763
59763
272
50706
64252
8226
19546
8640
27348
19937
35103
18537
9201
49222
50673
52456
55150
5501
6047
16686
52941
50092
64198
49539
22406
1864
34799
51587
28232
3976
40375
39984
60428
44660
12752
42620
19510
10779
41897
48247
61310
50577
30130
4639
42769
31357
57360
30265
32921
33916
33807
15976
6161
35190
46105
63815
21720
36169
64005
16535
40358
55080
37464
53815
7438
42192
50595
2539
13676
37711
54685
18984
63015
35823
15011
30177
7890
57782
11744
38198
11480
2642
65319
7965
1771
36678
41508
13738
32383
61186
24626
52782
59204
61681
48668
60946
4592
16043
29364
29381
25835
54829
47541
18292
15403
18594
10940
27922
58786
60767
18675
11362
24296
2169
9892
10456
7149
11310
61174
47205
58893
3645
11574
62681
17326
16791
11018
58318
54515
10284
28790
27656
41898
46172
7557
47331
51276
12371
62623
7498
41098
18651
53306
30290
35019
56054
9841
56471
24751
42223
29367
5778
50812
56954
22531
44532
64793
56957
64448
28896
56439
62998
35649
49208
55052
50555
36655
55737
32085
29010
62497
5033
34460
48897
44748
50934
51631
25000
54118
13030
54044
23608
29524
27571
27722
18326
50700
19399
28425
53523
35230
58874
63527
9166
37846
15215
39453
33325
5568
32716
32098
36159
15021
22216
62158
45905
39235
50724
15841
7355
4794
32349
48248
49425
56885
44071
31442
29625
9508
27328
24485
7369
341
19488
62607
30332
26088
22348
51865
15351
2319
8194
42666
8801
32443
20677
28910
28985
64708
24767
32748
43269
60017
51252
5130
4059
33710
1842
59719
49469
2010
59686
13950
35238
62086
12778
38822
26432
16205
40205
8294
13679
62861
24665
58075
48407
12331
27323
55638
36105
39401
34708
59462
29137
46611
16543
47628
25675
7117
7376
19125
43333
53312
54123
101
65325
13836
33338
19045
54371
9497
5891
1793
18233
22317
58959
45112
32895
21432
49885
49720
51356
28633
62476
65030
43234
48137
46841
36647
53052
15902
30421
45381
8235
33259
25326
61737
46596
9265
32189
14587
63349
52473
11668
7165
62272
11447
8030
24282
57010
9365
11527
17510
54919
46786
58284
43869
36405
30261
37972
62939
13579
8155
7233
16884
8195
4185
3543
60767
21492
40025
24419
59567
64394
19328
27373
13568
22300
6672
345
15106
19882
23655
8763
64594
37948
10932
25993
751
51166
52735
56189
43242
2960
97
56697
38923
11368
36330
40808
42997
5047
20062
59609
53860
16361
64880
18299
18727
44042
51246
57178
8855
16883
52389
6414
295
20440
35693
33668
56574
29049
9824
34660
10844
36331
56779
9186
52157
36179
40567
37382
30810
19699
46564
18557
5776
47881
38863
32253
12127
57299
55658
15515
35318
18808
14457
40338
18142
46073
43078
7933
14528
11128
61641
38397
15700
64902
43296
33525
43830
63493
8864
26688
40996
45625
48713
1271
60970
18147
50305
17752
36472
17056
11808
50772
47252
7896
42344
56464
51303
36210
30158
6075
35069
64748
20426
57815
62165
6015
33642
30485
32852
46217
40647
49420
10094
62836
40332
10982
19107
893
57697
52976
17127
46182
14329
19607
4718
13044
61202
38493
46467
31726
28601
22885
58825
65269
45235
18171
16808
63549
5753
12441
28437
24415
38082
22443
17140
40755
56372
31994
29013
12250
53792
16309
60320
50601
24688
19695
43943
33063
63678
63781
49916
13936
52845
3968
63415
25485
51677
23845
8364
33546
43047
12717
31910
55430
53252
25839
12311
30609
46339
28935
44871
48713
49577
3525
38504
16075
10853
58874
45463
