1024
0
42351
14272
8806
51146
59210
29514
13594
33276
28189
23101
54099
46799
11897
4133
52107
57877
22966
6698
3319
47035
5352
8392
54272
49448
50624
58997
44260
33169
2080
12022
11064
14892
46874
37696
35774
26474
60693
43270
20458
54540
13250
48576
35303
9611
52497
11503
50822
47256
652
64473
36556
62032
45924
29417
31261
24585
10698
56633
38403
19456
7020
53468
22666
62818
35469
13778
63011
40375
20779
24948
63294
27628
36109
23822
14618
49213
42487
35571
59552
17529
58605
49953
8482
54264
20042
50873
52147
60707
26654
10098
19549
30516
55374
64438
3448
10790
17551
37506
22735
42381
26991
27904
55331
54617
53747
40180
27646
33781
65226
45656
44438
46263
33444
47549
27384
32322
35441
22924
48757
16657
35046
37571
9759
4886
16457
56516
34939
45320
5840
5953
9031
30708
53151
58379
49019
48062
4258
39954
51447
24924
3899
10684
28909
4538
55009
3185
64377
9340
63439
19391
39588
32210
8359
2188
53751
57013
62521
18556
17869
58731
56888
60916
56830
39365
3882
58305
23634
22037
39151
58602
25786
19492
24657
2304
26810
56872
58730
47283
4609
41126
29940
59835
45867
7427
11272
50026
62343
22428
43996
59402
47935
40875
31614
41048
16141
33490
8600
49130
33978
49826
5514
13598
42786
64074
45382
11876
17811
51289
9262
24839
21743
26239
45432
14247
33274
60704
41310
44836
31266
28752
64604
61136
37207
8209
51263
3875
46204
4028
58391
34646
19037
21465
18692
14674
47490
9424
51307
35098
49217
6760
15936
17330
6372
51281
48426
63823
323
64705
50376
23190
3356
58050
64238
19122
56927
33355
29142
56640
5498
52463
56735
7028
2309
4393
50323
24249
12605
53992
49599
33928
53318
38234
24060
8844
3723
37739
62241
63675
36367
39438
7675
39884
62676
3298
36440
28835
20726
18770
51832
50447
34069
54978
34699
51155
45636
48712
17399
43845
29299
49853
30736
24145
6253
37370
25823
60038
12219
35758
21665
10076
482
23124
8233
3252
23449
65214
58321
1150
41472
4652
36427
53228
57393
55599
23001
25938
63688
38628
57026
4077
26665
64696
59997
614
32394
4335
23004
64823
11659
37021
44854
61422
22644
18956
8198
27747
23348
6095
28766
10860
8250
13041
21256
29865
27232
36875
17970
23166
16341
2320
2475
44861
41247
31249
51530
47461
10126
34904
7723
39517
51120
57699
5692
47734
9063
8141
24526
40516
34345
32707
60571
64322
31219
6744
37362
1792
60875
20513
13465
13571
8056
6001
23702
59759
60805
51311
40716
8024
12719
19711
13488
45623
49739
2494
33789
58150
24199
49635
29135
62133
58327
54997
30182
32047
35636
41555
11389
5023
57532
60704
59651
56232
3846
26754
9019
2669
38689
46959
47405
33130
21336
63881
37236
2338
34782
27384
22536
7555
205
48500
17688
9529
62093
63459
36222
63995
42585
15167
30585
1671
3921
31284
23783
41898
6220
17647
28930
19089
45931
43038
53444
27819
36827
64867
38223
29769
29049
63093
8644
6981
17623
28737
54378
25870
17727
2966
12550
42258
31533
24546
31256
38366
52399
62422
54770
10348
22870
20054
63356
3800
25168
17100
23190
54635
5259
61835
28442
46955
31672
4434
41708
62153
39657
26506
25566
62677
20520
59488
29333
41927
11430
62308
33939
57388
53498
24445
46816
20369
46815
47915
15626
33143
37008
18129
14055
56779
63613
57935
40281
60554
8974
22458
28408
33711
46780
49148
40755
39569
15414
12608
1437
47447
47105
8712
56601
1347
180
46704
55502
58432
432
869
30244
50070
26837
36023
54074
43519
11825
47408
3746
26882
8770
20772
44835
47697
11997
49185
28848
10999
49512
36355
41237
3146
15134
20037
32887
55407
55050
51967
53421
24241
53092
49757
27681
36193
28371
29538
33004
32961
57705
16063
14275
27484
6164
54074
65533
35024
13526
20974
61276
12274
36479
26363
26696
29358
33287
36419
47793
25371
14904
55402
3260
24014
47451
15212
62750
49253
28707
52100
31181
32333
5413
41564
1094
30179
26162
48214
54447
21384
9227
4053
23174
25334
37086
2143
57929
7021
65070
32232
47016
15026
43057
71
5539
10858
54066
45720
63091
10566
19798
46264
40965
52001
9916
28892
22234
22515
23335
1251
20708
25778
55361
35855
45706
24769
11710
7919
50444
5303
48152
33301
14154
53148
54847
7028
44594
10887
25352
8738
26749
9491
39253
25899
19950
3805
5932
9372
42586
22303
59698
28214
54891
43396
48036
12673
40378
27603
41732
32067
42399
707
48109
5387
40187
10390
18190
39841
63208
5082
25781
12957
4592
51490
37631
38174
58868
28779
62036
33798
14575
50698
56037
38720
23671
30764
29886
58631
63357
26357
18501
39910
28893
47404
38908
36425
2335
56508
13574
4926
4062
53092
64587
26374
51473
26521
41119
48040
39836
49654
7713
24139
20945
25263
2052
22694
43388
61493
20116
58991
9364
46384
32117
29753
54584
32828
65312
22767
59978
52751
6542
49873
4184
56059
57261
36861
45980
41275
1619
5962
45598
62019
1614
17921
48681
27676
21882
8077
43334
44918
750
21901
48911
30163
9034
13078
12273
9813
40875
47456
61971
10228
20974
57978
15697
17532
52015
51008
39807
22333
56950
24087
22653
10629
23725
7332
52186
62711
20481
47881
24589
6554
35968
35724
27346
53777
39329
40420
25325
64044
61625
14601
21086
35083
19110
28064
6845
39364
15944
62904
26743
7868
46713
29086
53520
49705
20455
27357
60252
55113
49518
33553
34076
64089
56671
21301
44295
14953
31310
22284
61773
26391
55554
48811
24869
51035
59430
54698
21012
19250
27761
42467
42389
4059
57818
25768
47876
48375
1810
1755
63144
50985
46150
62728
41693
8960
5561
52348
42398
32893
25248
65199
18282
8078
29073
40401
43775
29525
22776
22438
34230
64009
19111
27871
317
41636
3094
43563
36791
36272
16907
15538
21653
43671
52077
60875
34334
22178
1680
62272
58773
61946
6124
13322
5841
2011
56403
55952
39763
48394
48099
44919
51761
44921
28647
53818
45380
43969
14346
30547
43041
11051
13587
25392
28467
38159
43089
22495
37013
12120
52961
9414
45524
24181
50564
28547
21462
13344
55842
45359
29644
43995
6857
38077
16673
40461
22839
22364
16149
18025
30031
42503
43397
63748
35676
29715
49374
8069
14831
43595
21547
35760
18835
39511
15002
28659
1360
26172
2743
20552
4812
21374
21279
9243
1619
2850
35912
60453
42167
1576
61896
53962
21909
54316
22759
46727
45963
35799
41870
14005
39996
50223
47417
53342
16455
2356
48590
4429
35718
51827
49764
59588
38170
