1024
0
17561
53609
7471
46911
35389
45964
51441
22969
19801
35819
1539
19722
55041
44282
59191
9519
1921
6803
57815
33367
17063
28477
62839
65255
51455
41589
55872
13914
61501
1998
54965
302
21932
57539
59158
64221
22545
3270
14873
23241
37830
47475
20336
54218
19093
42636
29374
51602
4279
20667
56822
51654
3461
3366
42439
14594
19314
53647
22114
1973
44795
62229
27505
46341
12938
61733
18289
50733
23325
16590
39175
52220
26956
11794
64299
8032
23586
24878
41520
16364
20098
23722
39962
34514
1544
9463
27442
62196
64789
31628
25369
22836
6891
10560
20270
56394
32817
908
33660
10977
54470
32767
52943
59943
45974
34104
9522
41326
39957
61147
65058
33832
52289
19118
17801
18098
64948
10420
60182
64924
49855
34281
43489
16090
56265
49898
48647
26584
17303
14492
4277
39936
62702
55124
26781
61806
27005
61816
48116
49670
53172
42897
55858
54640
35905
20561
58488
46888
40749
14566
20100
14592
14384
3483
15959
43350
24580
26960
58787
915
62683
1561
14040
57073
14893
12008
12662
12465
25460
55665
60204
52697
57950
30563
31315
41145
12939
16174
61961
19525
10721
64529
40208
65070
43991
60611
97
58310
9156
3356
14148
62998
35480
53497
13009
49383
34614
3140
28256
35843
15163
10925
44716
26001
20686
59555
3663
41501
16366
36510
24398
33469
42462
22431
32316
13654
27301
1419
22894
9710
30775
53201
30809
15673
34603
33473
38041
32775
45540
23441
62961
3084
15380
39818
56464
60237
19604
16986
11403
48252
49130
8940
56801
3048
40874
31487
48525
6043
41476
45612
17123
20619
14018
14326
65109
7058
21806
13597
38854
15191
63976
9922
45732
36052
12811
62103
42849
51382
1718
10020
30804
43391
18199
15907
15835
47687
53850
41276
47205
45039
52309
32690
37392
28995
10119
50716
39605
15747
53192
59100
29564
36445
20345
64401
3198
35459
33464
47678
40800
21767
20890
41601
27145
32853
27108
50341
11383
1843
32758
3027
29571
43154
30772
47756
33918
43992
59132
4961
10188
47168
39311
51
38015
31316
63952
6009
611
26203
41190
36883
30552
22229
33755
8074
51070
37067
25055
45572
49001
11901
58100
3467
27987
8794
17879
21106
6241
7485
23452
44714
49902
40641
51392
48894
8627
55615
53384
920
64996
31353
14398
57641
44546
29564
7435
47404
55304
50429
8663
53434
23326
50215
21855
63392
8122
4385
16722
13162
61281
29598
63889
58511
29192
37223
43577
64330
64055
31093
34126
56814
37042
24382
22126
46878
20360
29384
6099
23947
35557
50066
2871
35406
37111
5065
28406
17861
40466
62863
47951
59689
51606
24998
29638
55586
46239
31024
28908
53205
3566
29222
49877
14662
47191
20054
17605
24565
64345
30858
61935
4272
31365
34831
57424
34194
40780
28932
10592
30447
5975
48077
24386
6509
6363
17779
39803
47850
24033
33632
27874
2351
24053
13492
35009
30123
50858
58322
30480
37883
40940
21784
15902
54929
22686
25929
7602
40622
48476
14929
44235
7976
51712
60917
57005
50234
25075
29927
6199
55846
27025
27312
54936
64822
10350
40517
7806
64536
42881
54348
6244
29938
21617
15473
23840
29969
63242
34541
20320
20502
2902
37291
23056
22915
28701
44985
41295
31250
26821
13405
40017
39350
56315
41163
64174
13918
13564
49463
56937
15348
17687
43902
31035
12631
14848
31373
40027
32974
45318
1738
30147
59188
48962
40538
35876
42931
29702
36355
36775
43467
52440
53155
9881
64498
38742
51732
16277
31562
22851
42905
60351
27197
34673
34848
20200
11125
33817
14588
27165
60370
39586
8544
20567
40284
63327
61677
60154
18285
63852
63176
14465
1255
19073
1414
43948
36826
39504
49220
6420
64405
40758
30235
36459
29854
29674
3307
31327
43191
9164
23207
56800
57507
25205
6196
13723
36366
18096
16890
42041
33563
29448
48812
41974
31028
56195
23817
51711
23857
5078
57416
20162
59212
14478
42549
61937
37222
59257
36851
15746
45584
31395
1416
3902
33115
22330
14590
13321
532
60238
16119
27516
7528
4303
20415
8036
43453
45376
16504
1480
61503
42936
57431
15223
63654
54154
52873
40352
11315
64608
62861
62145
26252
55257
23993
50712
37007
42361
62737
34962
60211
16324
35727
18333
59485
56868
33499
20404
1549
24978
21385
17092
59826
1576
5662
13080
20322
49133
38207
9218
57951
28338
4184
43118
64737
65501
24526
60427
41264
32738
12660
16838
23136
61094
52568
25861
7936
44704
58414
25103
28419
6129
61795
34514
21874
5946
40937
36198
53554
6348
13627
2146
50427
884
51570
32887
49372
44242
43083
57985
25383
2712
4462
59721
28321
5849
62630
26270
11985
40776
49511
25163
39673
11069
58773
50285
1158
39833
37263
9493
22226
29525
5657
11064
62741
56087
58566
30517
54473
10197
48158
42935
20964
35779
39333
38200
12307
8283
50203
36454
6689
52916
8804
39325
26397
14497
4304
34998
55016
6501
63148
44365
12389
16861
6223
63312
12087
12749
48242
25963
57168
16624
4692
16778
52182
4257
58547
1415
40037
54039
27675
57997
9274
16812
49986
32868
37525
64945
56257
58449
11597
27727
22983
14061
29186
37403
10201
4391
63499
42317
2195
47615
48670
10625
33639
23799
19262
22460
31744
50700
29453
27370
60536
56098
35118
33663
44651
58070
7314
47572
384
14643
36206
42770
54768
64531
3226
45448
7909
58044
11381
51030
7404
63123
20184
30852
35005
13021
27328
48969
18844
35763
36001
46794
5894
36579
20555
64128
21765
9660
60077
37989
26800
63183
55608
48302
62377
41076
55600
29229
4384
39877
34783
43533
13610
35785
21571
55697
2270
47534
2402
39899
25544
19206
61490
40747
46193
14362
65133
26228
3470
59824
46260
46536
45528
10082
6080
15443
39360
10217
6153
34697
2418
23967
22442
44249
10840
38593
23369
61811
56149
8943
36689
2543
50295
6219
10044
15817
11590
8471
44135
54775
63146
15668
15557
28564
36619
59607
24675
40127
42062
35259
45875
34868
1379
48026
3392
26507
48303
12121
19486
37886
45477
6304
42381
11691
56391
4713
21695
9399
31345
46376
61435
1769
35638
38273
50073
18948
14364
43949
4248
21281
25142
11274
34725
47899
51552
2745
50994
64350
32498
59270
44024
12501
50131
51174
64755
8733
16956
44022
39684
19812
31353
34619
22452
8687
56684
64447
10815
35838
29327
32578
17742
61417
59736
2664
31899
33493
64989
41871
17864
34427
40043
60947
60861
59326
36595
52058
50008
60416
44003
53165
30406
12949
53703
46507
39983
28359
22555
39627
36899
33557
2314
33911
25140
35531
