1024
0
32328
4595
5200
22950
26051
38208
22863
53165
17222
43389
51544
34050
53259
42838
30150
17125
21605
59441
7426
45059
63221
13892
64218
19840
17244
37361
19458
61561
47761
24979
46169
23644
58605
49318
52837
51117
44139
57776
32612
63251
5244
11810
25800
8613
1032
9071
43250
27051
38165
41620
62696
27426
23792
13325
44139
20566
43701
38943
41044
51037
44448
45158
58549
27235
57476
64638
6909
942
27350
40622
45726
33690
28057
2171
50011
14256
56923
49898
61730
60713
30926
20335
48972
404
19132
40260
44924
10404
18068
41786
64368
10954
41862
52441
7813
41094
31154
2565
58494
64230
58296
16656
52327
25077
6712
42655
7807
36493
44545
33806
57760
43487
28138
7142
22373
9569
58132
9546
51957
42183
2809
1542
59431
11535
15604
54236
44773
59201
55110
27476
42164
23578
47980
43998
48092
34503
3000
10469
27451
38895
44691
14954
34543
6892
56761
49251
34548
45945
64550
35308
42310
25376
53570
54731
32913
36148
46412
59792
8989
29757
17484
10923
8731
34714
39058
54610
24472
46894
35765
6519
24943
51831
47054
55505
23492
50766
33761
17800
47336
48166
30358
58426
419
4688
20645
24938
2644
30325
25799
40550
20984
48591
48897
21674
48632
60450
49552
57264
59559
44175
23334
5590
53653
24906
2293
16175
19482
11060
56253
62549
16772
39999
45081
46902
64318
39461
34042
41136
44605
45494
6353
57078
16258
33204
43719
48087
63723
12965
13070
21875
33964
47049
27288
23956
14422
16396
35023
59577
7597
37349
26524
55008
17682
25008
4559
54443
42401
2562
5570
46744
27205
63333
38059
19295
2448
37307
53264
3842
55534
41148
35292
62146
12445
38081
35047
4794
41387
35535
61179
5732
24059
63659
31252
30050
13900
10000
45372
13438
26952
33594
8826
40020
55184
55260
63901
16087
19909
56946
29337
61114
43658
36277
52860
11644
38755
43494
19438
29061
13734
21841
64509
24923
52791
64035
11418
55716
20985
29903
45717
6067
27276
18089
46998
3050
19644
6025
29149
37914
30659
53636
29833
46334
31023
57312
17627
47426
51811
16893
39212
9693
20942
48981
40894
4124
54020
54492
25907
48461
32566
58646
55794
9538
7450
47757
18920
59121
49219
10504
35548
44365
29751
52037
28799
5511
44954
8918
12027
18331
6519
42647
30819
3757
53788
5246
22645
43177
49378
12425
52189
47798
30919
37504
59317
19325
12620
31918
41358
23571
24637
39951
31391
49579
14392
1435
41576
47760
46817
51625
41494
60675
3707
58257
39250
1651
59279
11641
2202
14273
19825
41291
48404
16051
1463
53004
48984
27857
8189
64320
55402
59772
51449
22034
36581
28604
19293
30668
57607
2706
42695
34748
58144
12708
30867
48920
50814
55089
45991
40519
58433
3375
55053
25488
12259
17359
56992
18929
41909
11177
16146
17361
60389
26344
3607
43105
24961
37939
7801
64062
49025
15260
59148
15532
34124
51055
26365
40872
37012
35452
61242
8923
53740
34132
13085
16514
45886
38304
34693
46290
6818
47284
20959
7984
16749
29274
60808
22625
50462
37386
7692
30695
27490
1554
53584
4851
54761
21109
36907
5007
39135
14315
1823
34470
38384
35242
54893
34336
63616
28542
34553
15944
16420
40191
10525
57614
33035
39593
14965
48618
40323
14641
36855
1761
16859
36858
21668
17625
17248
11701
65450
11196
41797
47325
36304
64136
34695
15319
28732
20152
13834
40234
15694
55004
32469
43398
29898
13796
26147
14324
22666
4444
25093
6232
51137
65312
56822
46363
3291
26915
49020
43655
42087
28728
23912
24586
23276
27794
18032
64059
32793
11724
63274
57183
65501
35495
47159
18672
2259
34609
44819
25554
245
61508
8197
2605
18338
24933
38552
20224
48115
35598
19210
18745
38507
13081
47282
35258
27558
62878
18482
30058
32397
56249
58172
13125
7762
62538
17277
52387
16776
48555
12556
26751
53396
14758
35708
29995
60522
11080
18009
50807
5810
45265
35425
56860
9870
55183
47408
36523
39652
47432
51718
46068
54834
21443
19872
28778
11060
19678
55174
41051
25189
24648
15702
49949
43121
24259
23881
51498
45736
5229
3976
32337
57901
53268
56926
55176
51059
14312
29577
23037
33765
14309
354
49526
60986
35084
19627
23327
51088
27169
21871
58053
62001
49942
1622
61220
46587
22437
9900
13473
56122
28903
42718
6714
29171
12336
46423
49328
5441
29468
35961
5999
48586
31966
36363
3384
13168
32031
34856
56853
54754
34837
14841
12192
6645
42395
45946
32574
6186
20212
62470
27982
11772
61895
24634
16612
15844
36114
58389
26040
13139
30130
12045
37460
40215
15293
2623
26363
20614
13165
56693
15813
35503
25359
996
59061
31949
38879
52460
40574
274
64990
20061
49315
57540
25066
60815
5833
64049
6987
9076
45986
32156
48773
33496
2734
30639
34432
10385
16808
56919
12145
26358
51803
43048
53964
37261
26846
48619
23290
23745
42535
9254
32457
18997
21103
48851
43043
47522
18482
55054
17981
48866
55087
65457
34801
25088
38893
61359
50453
20917
26194
47300
8613
46532
46397
17613
50874
44086
5917
12691
61348
16470
62779
18064
19355
59620
48093
49241
58743
4646
13402
56786
52373
25673
29727
41001
61793
31171
2618
19385
39694
29516
16262
6075
54090
6038
56685
62574
40687
9778
40783
40889
37569
44077
26187
13300
2633
18183
30110
35285
56175
44450
44808
31566
39371
55642
62608
35602
43146
46792
21212
4403
26620
7025
64062
63407
52099
44943
37460
9049
5570
61101
29476
35711
48140
47554
1303
20597
52995
34674
26721
24636
35819
22178
7593
45058
12097
39814
40391
30289
29606
63572
22612
16230
11344
24381
64176
60207
41613
15115
35240
46748
44112
45435
938
8546
9658
62133
19472
46889
2911
16510
37594
52978
4551
18029
12414
15683
47894
57861
40351
20014
7958
56221
44454
48801
19790
24134
36729
64938
48297
32583
31831
51030
10347
26707
16318
30995
56955
53298
40895
41872
2092
29629
18142
57569
28196
8029
3001
26802
10737
751
26193
20884
3753
36800
36398
61675
41485
9844
20589
57424
32555
2782
2543
52131
47326
20679
1887
57671
860
44027
27669
64523
52003
16863
21195
41940
10373
35044
48194
50832
11073
29076
2604
62995
8972
22778
28454
39125
8756
31178
18459
56800
46439
61520
15873
43581
28042
32429
13373
65077
19222
4986
1136
59445
6842
46531
19750
29656
5929
54896
28853
42235
19115
34224
64196
64669
20657
26006
19296
4809
26107
9729
9400
57225
54002
24
15698
51613
35286
46409
13219
63185
50738
6042
9369
54988
63707
60264
12603
55296
