1024
0
7099
26923
9513
5531
17847
19375
7677
28553
15161
34658
35791
56177
40646
3714
12544
37875
50457
36828
61858
56368
31760
3808
65089
7766
2936
5255
25993
32737
13899
13620
23494
29618
17461
21043
10178
22145
58352
41871
37656
49445
51422
62038
14799
21442
55587
61741
17254
50345
8634
25470
47897
11099
18852
47378
37715
52966
3723
31679
44883
35189
36537
52626
24688
24571
52293
47331
37791
29157
18822
55107
1907
52243
18434
15707
26292
38090
173
31788
50028
19070
62754
13813
63014
18749
11305
15491
52639
33491
50760
43818
53863
25565
46258
26160
33570
11273
46044
34445
3243
49307
326
19215
27304
51400
14351
37143
55260
12614
8195
17722
27523
1436
62535
6497
50648
44285
35324
63344
6739
21278
38264
61886
29359
37646
4837
12499
51
8637
55660
6014
58223
48779
15118
13820
46218
15965
28600
50992
50462
35327
12129
28274
13248
16955
24894
4216
29809
2216
54469
11985
50443
4252
61958
47469
1102
2234
2960
3267
55602
42755
40850
502
5170
37527
12534
26462
26206
34770
13597
26223
4506
49239
60699
51002
18777
27217
42569
62318
28606
33705
39696
28068
57570
61625
44399
55199
6298
65276
13380
36668
46384
56944
1708
7239
28582
1992
29428
57325
60496
64752
15186
44342
32401
25452
22141
58846
51176
3773
39126
48833
58822
25049
16975
27477
24737
28332
22610
15985
29723
57451
13180
49562
61089
21524
29631
45227
56281
56158
59190
17843
53465
61860
13333
27124
5473
17498
45365
5842
61271
44947
61812
14246
55025
62281
29013
60654
16169
49762
52559
758
24594
40446
24351
36395
45949
30769
37184
618
57131
4254
52357
51191
4899
48329
25758
13229
19716
10132
19448
38418
61476
51483
14716
19634
22506
36014
23258
30688
22942
29374
17330
36259
30854
28937
56066
24974
35998
60896
12502
44747
60924
11771
46684
14446
10509
8345
31553
17073
13908
64105
30140
31007
50359
32831
41274
51227
21777
52611
46983
10596
5176
30491
65445
33571
57453
61247
6778
41012
55917
3462
36189
50555
22474
65357
1549
17894
19948
20977
1324
40582
17022
47266
58231
5754
42975
19934
9302
43624
33629
59759
26633
3235
62351
11474
1511
20433
13310
36492
16217
42784
4682
32566
31239
6025
28502
42044
34876
56699
46531
55145
49226
46535
11411
29361
15652
20978
26273
1656
38469
45336
20203
46170
48311
17257
38345
30077
30531
60510
14000
5014
53166
24206
1723
54349
51318
31059
51804
31277
44192
40582
17362
64370
59201
9258
2576
63563
63541
41022
23225
29764
47795
18807
55671
36917
12299
50088
23426
34813
46745
36471
57901
11554
19011
7934
18791
2446
22425
56496
63127
20424
60592
10210
18503
36413
32872
64830
36066
44418
60146
55458
37780
31291
35315
22014
37325
18834
7502
11650
16967
38176
15255
59009
40292
61607
16408
62735
54795
5839
52570
25959
2460
44125
44281
53204
30473
31148
51609
25354
11693
51518
61238
40990
36871
54514
44138
59199
58647
24626
6485
60968
38405
43662
3356
37372
15638
7846
32914
5370
15168
60746
42972
34994
7219
43301
52256
7275
39167
15329
45250
36184
27338
54163
14921
64513
31854
41743
784
42280
42939
44005
12274
33866
32256
16515
57481
36919
16586
3010
20575
15084
42845
54311
3067
64472
23645
22535
5674
31853
10550
22708
62470
18681
18284
38777
38532
12865
44341
65045
1781
37617
57160
19631
58593
56104
8348
60290
45438
12988
42471
23854
59086
32879
42292
42010
54827
17917
8896
24056
58510
41530
12156
22118
53535
63844
65097
25474
4925
19550
12200
24528
24387
42554
52322
38022
53691
44377
20521
45023
35146
51948
38601
24617
22169
21919
15593
53761
18738
44304
63070
7354
46098
39190
8774
13439
34724
34855
24966
42732
44176
46760
26895
38592
36698
20830
31439
8606
47748
20376
23932
14606
35396
53505
61780
31551
4621
51103
28259
62585
3057
57401
62652
41133
59348
8200
61424
4478
38037
18965
2321
58165
60569
4726
33599
14682
47503
54580
6478
9285
48452
54251
25582
16028
42941
5318
25658
4555
64790
522
28446
52505
36441
814
54799
50072
64479
50844
24450
48361
64740
3620
29321
64326
55839
26829
64836
3562
24637
36714
53165
15844
6028
16564
58718
37389
407
57514
22111
49088
14870
56552
31064
34610
24245
43301
39755
63291
7628
11291
21497
48419
22844
5833
18280
55144
54959
16020
43532
17384
23503
63286
42972
50429
36277
61638
28237
16018
6887
49853
8778
44391
52848
23589
1179
39767
16408
7241
7573
16193
28543
14165
10096
6891
41158
11480
63063
57750
31969
42849
47488
30370
6022
20462
5173
4658
25420
33980
40060
7190
57548
38404
33366
65065
18116
19251
32734
17111
41314
39895
56343
38665
49944
1533
34517
20073
54557
40367
43276
29492
32530
29572
6555
30521
15377
26600
50974
10758
23425
32599
35122
33452
10296
36731
39412
2900
52900
19949
23673
55207
7754
33187
55365
19373
12822
8781
4768
1200
56401
22164
2910
5632
6878
25542
42139
48503
12981
55434
15665
10426
42133
57457
64666
23657
53277
26816
11894
33648
32628
36340
32379
19922
1315
6021
43846
17735
9885
12547
17803
19236
2295
62005
63624
17305
21107
59579
8549
23584
59133
42975
47426
12417
19018
47127
34908
11326
42756
40549
30037
60968
26448
50046
39821
54663
24085
30635
59720
53380
11024
15093
36314
38221
52423
36352
12993
30471
50200
64911
41354
33586
23419
50994
22172
16212
57755
3007
18223
58287
36760
24621
44231
65194
38503
41565
56205
9999
48012
40847
24566
35161
56361
13308
43016
7052
42814
16172
60102
49457
51498
17468
40963
35110
7285
45938
48529
63815
41096
40432
16304
27786
26953
1232
4796
57404
31579
9437
28373
5028
17270
20827
33152
22798
30441
26997
26646
14437
54506
28131
18139
28239
8163
43340
13120
42194
12485
31395
63079
36515
17775
33470
17918
49217
38080
31624
51901
52762
53309
39863
32662
1512
43593
59398
24641
9529
59039
15535
47255
65201
25590
63174
12055
60178
54577
56546
31591
535
32999
56327
22761
16256
9155
21712
6201
42453
32560
39894
15390
21382
6132
5923
20621
966
33183
62241
50241
58156
27121
56420
56220
31484
17604
26766
32008
6303
30654
63677
21
56957
63142
60925
65123
12716
20514
59599
1390
20371
44441
12444
16209
60024
62249
21429
13661
62675
2749
5625
7237
13830
6392
60939
43240
9781
49788
63237
53384
37382
12855
13565
44631
43539
39482
49652
58376
26821
52881
39831
13431
15257
23260
39932
5504
45920
25545
23168
16478
