1024
0
27761
9398
32362
17547
47697
10839
17767
17138
32744
52676
40874
22329
15557
17860
33527
44461
26318
24378
52355
45671
44898
5595
9994
23192
63964
39371
63027
24407
33592
52684
37156
14138
39879
63775
36246
17889
4612
40147
43533
5054
47974
44332
3542
7740
31204
26105
52986
13646
60721
14815
17171
57672
20678
24066
16943
32321
61588
47756
45020
35005
58364
31009
16190
7137
7162
55419
61193
7171
63942
15549
52183
65011
60929
24633
13567
60732
4834
36251
46057
26672
57124
33792
3811
20238
28894
43628
43670
43478
13630
54613
24355
35221
5734
3931
49020
10958
40929
45678
62105
32244
57925
55532
35145
62960
30425
18647
44593
59468
19361
20141
16428
52695
15470
36588
6073
52347
11566
27378
46699
29486
53980
46306
25563
10969
28978
13720
36938
57121
29858
31329
12472
52113
40102
39628
51247
13181
13086
11949
5046
55189
40515
53667
23876
57319
20710
667
21680
25849
45729
10159
27971
64629
37917
27975
45464
39070
30512
46971
48736
9318
47520
34805
49568
25815
7005
40079
59084
16640
49162
46350
12003
51748
45744
54797
51683
8077
64040
816
26252
42463
30661
49777
15415
45916
7136
28190
5778
14083
12140
50957
62978
37356
54464
48943
21160
25319
63774
33013
45303
55666
61385
12760
63611
61309
56701
53296
45530
56163
46120
47730
26784
44830
36607
49717
35149
36219
21267
34504
16581
25318
26335
37785
24228
49021
37325
56245
39664
46719
22741
53366
49282
32818
56662
22767
3491
21696
43167
43627
50017
903
62874
23083
53694
57089
60379
61969
6987
21831
61279
31007
61515
20938
49935
57926
20874
61949
1525
32085
61402
64468
55380
62138
25565
34098
65300
60768
40685
57763
38090
33176
44308
36105
60290
53475
15208
19992
63384
32106
57850
14516
13481
33531
23265
11433
19544
64902
44951
5674
54131
33712
62944
51300
27336
14551
8618
1997
29122
45081
37629
14314
31301
37051
2186
14909
9015
34683
36765
22625
585
53560
53438
1340
32038
31528
30114
10804
4289
17677
8463
59692
61209
59369
1841
3470
17848
32993
30414
41687
23654
5328
51131
18677
64060
25496
32105
28418
53959
27854
65003
4188
42497
53117
3995
15769
26459
48287
51259
10250
40547
56345
51742
46327
43691
24930
55650
21192
8564
7909
6898
54277
4093
6945
32703
14369
11883
44610
22423
56294
32129
38837
54657
5691
61213
24155
40251
7329
18517
38882
30418
61019
13293
51146
33688
8420
60921
61310
48673
18823
8394
55233
6375
51426
29723
17090
52597
57639
15234
1052
38461
3586
16471
7398
2188
49844
60559
12391
42297
1489
47364
12545
39750
55150
51627
51217
33198
35837
43545
13067
19652
12286
25417
60377
58288
1485
53400
14347
25890
42524
63280
57626
12329
37296
38179
15499
58029
64805
45137
5145
37938
19236
33766
44392
19807
11559
58335
20999
18587
15061
55486
1366
13432
17711
8007
3876
16499
30680
14573
55188
995
46457
53899
37048
2961
52636
31540
21477
50111
41058
43621
25973
17679
62870
2224
44600
48444
33612
6188
15940
27030
64526
28422
13447
18015
50737
31385
13587
54823
44311
50175
5767
26407
57362
12091
8473
13786
30328
1662
52869
10855
59486
31233
54942
58209
52472
4254
4483
44890
1408
8666
34038
43275
12965
20630
14649
2278
30626
29220
29381
59317
16764
52919
59796
51594
26273
18614
37567
59798
29067
13495
20471
37505
53556
26264
56048
33814
3394
56664
50546
13646
28225
7669
14906
45069
19809
56859
54767
23149
13862
29293
47005
36208
52411
31103
26006
38251
47885
18524
60917
3761
34092
27002
46789
35293
33213
48124
40647
61902
50692
48330
24611
44776
57424
57704
7339
12240
32015
37384
50062
3701
44163
63585
58977
4025
19551
8108
15355
62893
30055
20855
9667
9991
7946
31812
48214
36914
19344
46952
24422
48360
17829
40835
61445
8595
9503
2912
51841
6543
57743
45623
7040
22792
51969
34121
38281
46156
48471
46340
33535
46176
55567
39051
21179
3945
15578
54681
39209
6298
12580
33186
18165
45833
58697
54010
54108
27247
29890
58933
26780
63217
61766
40703
39186
64044
38469
64838
24552
61415
35121
22806
40875
65322
35633
52806
10952
8587
22216
30428
54507
10069
22709
5991
64795
10640
10895
3299
4048
5569
19305
64849
2392
13244
48877
21189
63692
21286
13732
43866
44648
25798
60596
10326
17851
34738
48121
35585
56122
65409
53701
30235
15896
27572
11117
44895
52550
35168
2607
29484
40828
50920
45592
16531
10205
43947
12533
20810
24918
34449
16195
46801
55090
22699
45391
20650
41674
20699
25129
34845
49426
24345
3842
54710
955
14271
13382
31021
15364
52776
10732
3352
63884
52476
43996
11756
45849
18786
15856
7387
20694
13576
3603
17654
22104
5795
17201
33440
44182
34132
25437
22045
24725
8410
35553
64447
55000
26061
60632
58851
12236
39577
46214
23511
28406
24337
25176
51320
12114
25620
402
57460
46075
60214
55157
50858
57511
18394
55673
24626
19781
57010
54963
17808
44296
45669
168
32382
6158
20553
2828
36551
10212
7175
1919
56307
65230
26407
14485
64657
12561
23565
28983
63416
61111
52845
33065
64609
10169
63465
65297
52937
54670
54815
20633
54611
46507
21164
11353
59348
22713
18274
37656
34600
305
4620
56114
63976
41639
40329
15362
52971
9147
63501
10133
48197
47036
7789
5474
63187
62169
15975
20461
19440
65179
36394
51365
26214
21428
5640
53748
37315
42932
24278
4585
23740
27205
45631
38203
24849
62908
20512
44270
45401
47092
56023
5639
33240
14721
26433
12119
18482
7463
21942
10040
65174
3030
47035
20456
23562
34914
2906
46270
2003
22857
6839
30181
1025
40859
65428
61103
30728
26296
6118
39996
2365
14781
50256
35504
46761
49981
57454
10024
38642
4786
38278
42829
61980
6869
27828
37320
59173
29232
18464
31846
38936
32692
8562
65008
2159
27700
58423
3510
17358
6684
17538
99
7874
43043
4494
33579
54915
51524
13648
47613
53261
32191
1254
33222
24434
19011
15093
42440
30601
1755
62723
3545
24123
24143
33963
30289
57165
12602
46834
12036
49259
45475
8958
20229
58714
30791
5043
64959
30910
34313
15327
57244
16112
2081
60128
7575
38311
10139
56258
36429
24911
260
24785
4121
55386
32302
52147
21869
51122
42291
45754
20535
58333
2409
33539
41938
7975
45900
34134
65336
23740
29626
59791
51466
63645
39846
57249
26422
1705
13910
22156
24637
47645
24877
51382
28543
32122
42180
2002
11512
49659
57901
13103
62146
18077
23771
9372
28039
63315
52268
10557
