1024
0
65267
17004
49917
14715
4933
40014
29383
38626
44987
57232
27292
25124
60137
61690
14077
42291
51683
24575
48799
51480
9991
50148
15613
14197
58631
57134
57856
28473
61942
17586
1223
2106
1514
35851
32813
43114
25111
21224
58326
34652
64255
60836
56754
18967
93
4037
57054
8088
5783
4518
26157
21919
60916
5107
44080
57392
5532
52142
48052
23608
58051
34211
8346
38930
49399
5221
64191
36245
17553
55053
51222
62868
18959
57770
24603
65112
32190
28462
56246
27251
37059
31684
602
54829
47526
27706
59329
35029
64989
51775
55027
50413
52773
2342
22707
55748
12889
12049
16585
45435
10250
45905
22576
46755
6197
1506
36567
58096
47333
20140
64238
18077
43991
37693
40106
13806
19422
13964
25082
29071
4140
25193
40417
3534
40854
10858
46999
64729
35348
31071
4373
46931
16662
57410
49626
60353
49523
59723
61975
9895
8630
42083
18886
48884
57465
52675
62444
50130
57993
50227
40633
53823
50752
59793
34994
3789
62535
55430
56501
14857
52354
25443
49072
5821
40787
1047
43095
48719
1472
25966
58906
41527
45896
27591
7559
9307
9893
18740
43465
46594
62756
32132
64080
8701
41787
21140
62106
8702
24640
56944
37414
51845
64514
44124
51920
24828
60718
20922
11249
29641
35554
53608
13730
1353
9927
51686
22724
8790
64903
31379
41275
7558
49733
43893
65186
18139
20064
51704
17922
61171
16258
11065
42168
13171
25892
9151
4957
57338
4349
9602
36020
48949
24756
49269
51944
5432
32710
44412
25474
2157
9484
47875
43978
13605
55128
39108
33615
12181
61643
61560
64309
50941
53278
47254
50285
38544
10281
65140
22965
2305
16129
58770
51328
44820
53036
35987
42636
63895
35004
11511
61307
46368
26658
37752
42810
59528
57910
40723
1554
51622
54563
41606
50839
19776
36505
56984
61432
57954
44603
5105
33124
25881
20828
62336
6397
58210
38656
55681
35097
62882
25420
38661
13025
61942
59980
37815
4672
20325
15165
11562
54936
52991
10228
48952
28673
6690
12049
23584
38254
41984
8954
31916
64903
62353
16982
36782
36734
5253
42033
33499
58016
6518
2335
38825
53152
21049
7187
11049
20524
8727
19755
19934
33858
64787
23641
2284
65353
44342
54403
62999
25413
717
39310
50537
50562
61674
46460
37654
45910
11958
55970
44488
962
64291
40000
37287
61689
6460
50576
31940
61628
2420
20073
6535
10443
46901
10902
10234
48579
29805
32849
37690
63803
24920
34769
40921
39421
3177
27382
49407
27923
13280
23806
47637
63028
60630
21394
52738
46156
26967
26199
23702
45635
38431
57102
50343
18878
51572
39196
16188
13138
47288
36287
30644
2919
47342
40559
10541
20016
1104
34579
60855
8565
56098
7638
54437
49500
53711
1619
34768
34363
24945
34460
62172
2611
36391
54350
31314
28854
60951
30627
21420
56809
61914
4984
5507
63186
38480
55690
59002
54656
15106
45878
63097
10768
50998
28787
54382
1330
50849
33241
19945
11622
14427
47787
9595
42973
25714
9468
30490
54797
41089
36726
58404
13416
32962
29915
46950
38885
63760
41588
14999
61169
26696
16033
53063
37134
19319
39123
52280
61331
54306
27856
2113
24283
26726
64618
37989
63663
60756
13493
40614
38761
19427
32107
18551
10597
7425
47775
42276
22596
13379
1794
36623
3487
38277
41946
26981
51298
56080
46003
18088
1263
17081
46448
26683
30134
44266
63193
33744
16614
37193
49407
42554
9527
60943
34938
4659
61401
11872
58279
23613
60208
38424
4109
21329
19248
6638
16831
62991
27930
60401
62936
8681
3011
17793
21959
56008
37909
26175
33417
36109
5175
51871
62924
49456
19342
38898
42666
52854
49886
28430
44732
15151
6740
12422
42314
31805
18189
29016
10652
46840
22580
7494
65410
1150
29849
57857
47168
42036
31604
36484
48361
10144
36314
34705
64284
60274
30810
47111
4675
58285
48761
62472
47082
11443
61200
56081
11305
17121
59151
19688
1107
57078
30051
28742
52053
41640
60093
51342
11821
1975
58607
18155
44608
33992
35347
14066
17840
3510
13519
48343
53809
16483
60412
20797
35440
36693
49612
6006
18259
29899
3290
44154
19953
6833
56358
33663
18174
38953
33263
31415
64874
37535
25470
54147
51600
31128
7600
19848
21632
44353
4360
28265
12611
45958
11193
11729
7278
27843
45033
17625
55612
31836
44623
65203
20612
42586
28594
61397
62551
7228
21731
56745
16558
64554
3818
22855
25091
13915
34887
32023
8985
33441
31224
28305
4057
62290
42463
43630
39581
16725
44776
44648
50205
8730
24806
33196
53403
62305
23129
57264
37230
16335
64682
3424
22259
60423
34915
22530
35290
42342
12133
25234
4535
43531
3296
57108
21663
8798
13756
46846
5523
29812
63636
36535
19024
33828
7144
29353
28193
50480
14100
16308
53288
44803
6198
18263
30322
49766
2130
5299
62574
18306
37518
11462
9345
36181
14429
36572
28960
43561
38568
29828
9736
31148
3743
38512
42208
1889
57227
37207
56982
59316
56476
18690
54647
45516
28433
61842
45122
13231
22006
11086
16757
31936
65411
16065
22908
48240
36751
56118
5003
9919
2326
58929
36394
44922
23758
62909
54426
7147
52441
21651
1180
29385
29773
44579
9972
61296
38119
24432
23424
20764
35574
58956
64782
48733
36580
38704
8813
38400
14455
42450
43159
25993
31762
18062
55996
4914
54567
64495
41111
35998
4283
51657
60322
41639
32820
2056
56658
16650
8496
15077
37200
21710
5981
42131
47075
54683
2539
26280
61835
29897
24496
61205
61744
21114
57506
45683
35569
58427
38461
1125
1191
39794
41384
27911
31351
58906
32370
33615
50041
13814
53359
43896
21549
18899
31733
24428
33186
18233
36611
12818
62686
15943
52310
63603
31032
29447
9834
45396
10526
16873
18081
53508
17241
26253
64882
43920
51707
47522
17878
2743
37975
57637
43939
62373
38890
52780
34084
39177
21236
6449
7133
10617
54499
2340
43266
13343
31172
56
62655
15971
14871
33158
24919
42265
60742
37279
29140
28232
55073
39445
51289
17196
49725
31069
37866
48843
9249
12278
43768
56595
10705
45231
46693
17072
45071
51522
36360
10314
58393
30713
43479
16728
43145
13226
50023
31519
33321
64229
34909
50318
44114
1826
40503
6987
49722
8789
60890
34449
60750
64263
22460
57756
45562
18182
58004
17396
50398
13486
26349
30375
7055
11776
42737
3763
65044
43488
32882
56766
15617
2212
46417
35692
3815
47417
3236
6182
42793
19665
21910
34994
53473
31893
23760
35505
43711
20962
22749
59803
56247
33264
3692
31165
49675
12103
31032
63670
20121
21177
24057
