1024
0
41098
44632
53735
36811
9536
56043
29075
46775
14370
23238
52321
7814
8793
2752
685
17302
14799
7575
10123
10834
26355
52259
30754
19713
26021
40256
58389
20167
17446
47748
44284
4293
60015
56138
14926
56909
10096
62572
63901
41288
24498
18505
9276
46840
41743
33809
61248
47931
34330
48955
29718
1594
18999
59934
63843
37493
38492
20050
27002
37986
53531
62482
37426
23651
65129
43714
8220
41867
63960
41614
10401
9575
2412
35445
28831
51533
277
64380
64171
3951
46463
61944
16025
34609
37329
52123
55609
21644
40332
19381
62427
38530
732
29550
29145
40341
28624
8068
62680
31243
20996
20828
25555
31264
60330
25043
7049
11451
60394
9440
58370
63622
5593
27215
18440
16494
25815
44343
36676
1283
37727
31509
33860
42436
12681
15941
65176
24444
13844
44668
55954
58998
64619
60098
679
19134
21759
52510
46673
44120
36751
36127
16343
52895
24094
26736
42254
31127
53356
48529
13063
36696
44416
30389
51668
18412
20089
38628
19446
6451
23591
40487
64443
14688
5516
42333
782
9541
46842
39176
39410
38233
25624
29740
47578
48803
13462
25523
63499
19605
34584
41269
5867
12781
18702
19616
8134
12024
39986
62031
12626
11935
55743
42785
18410
2146
34269
17356
277
58863
21318
25688
54703
35358
40284
34578
11651
2367
37668
756
555
24490
48313
11737
23313
60233
31775
12861
9086
58792
36417
36963
29271
26723
57338
58020
22583
10163
46887
37211
41261
15430
38677
14327
21836
23938
41477
37446
63432
15491
14473
6009
22472
38417
63393
6533
1644
58639
43334
29404
18353
28872
38548
51771
10962
42035
28481
56889
31792
25509
13698
57603
49123
5893
47877
37327
20203
12852
44948
41133
17806
1006
57368
46169
40730
435
45078
10355
7004
42473
13042
16440
28570
38845
56735
12169
44942
38506
31018
2151
14761
39380
62640
42560
51667
16825
4431
38260
52892
54975
22257
33634
63958
41341
65187
22123
15894
14722
43271
17422
20419
2736
65452
38808
62007
28018
10479
19015
37129
27505
2550
22188
27324
34353
2060
17641
49458
15156
10339
21733
44488
29472
52925
5135
58633
22276
61014
53650
53250
40341
39021
51341
50055
62671
63744
42274
45819
35737
41190
45336
53821
31175
41656
16452
28982
7865
46536
35030
63513
58012
25481
54747
30656
39501
38265
48333
52459
35096
24038
38269
62733
19542
29936
64869
33773
54616
37267
43706
24337
63230
26250
49323
27818
61937
16752
31347
2327
26805
14953
62605
46489
13752
50901
39807
48556
16280
23830
16084
41925
13474
235
15647
54241
13912
40460
14493
14796
11097
55575
21883
3196
22012
26700
23744
26854
57828
51406
24372
55920
2071
44519
24676
65452
2495
2262
60368
38832
45260
34197
33433
40787
35280
41140
8627
41533
45162
20015
7254
62799
17254
40496
55638
38646
28163
46206
50794
40017
15438
62245
58074
34367
39506
3240
22103
38871
48141
54211
27898
38330
62316
16817
33376
39701
40614
50724
44917
42641
34331
33161
23713
16637
58678
13297
27001
19273
47495
55223
28059
20388
54626
57907
40982
62476
12023
39861
41795
30103
13689
43003
28390
41848
6855
47306
23971
26291
1808
12101
6687
57304
41965
40168
51962
63915
996
62471
25603
1064
38549
32498
28176
28157
26682
27184
65085
60790
26290
22479
58028
39213
3455
54757
62907
9136
21867
29990
60588
40812
5492
40701
53352
47115
20351
37077
22275
50689
46047
36134
26242
47993
53055
31595
30975
15631
60725
8903
50506
6417
32646
45257
58411
35344
17504
1745
8910
9221
27610
58114
59436
6030
436
34750
17988
55528
53561
33040
54319
25533
6830
766
58437
19540
27298
5934
55370
28274
18747
16883
686
5638
55016
6997
61830
43363
54206
26005
35907
53840
17607
4644
7186
5269
28845
7366
34822
12621
542
2291
20489
42257
58421
62808
35972
40912
50574
16368
39232
42693
50848
61858
57954
17970
41605
24424
41878
3103
37619
25954
64901
62792
4650
294
44662
806
20441
11126
35930
3675
64527
40669
6381
60822
52143
15460
30863
21265
56104
51402
3117
60199
22580
56449
51807
23067
26676
21085
50090
50767
22009
48309
21912
65389
52978
57862
43300
17037
60398
40797
15146
48745
49471
44818
22915
48487
13642
57997
16854
16861
23086
58393
11242
11973
48473
8013
29150
35307
42703
56945
12475
59213
58057
53455
42173
11285
40338
14873
22721
12490
65123
28822
10157
34897
61582
20126
25860
55520
61414
24984
26477
9368
14547
15752
3700
14326
59631
20098
4502
13917
54113
23317
41527
12191
55623
28686
56126
44373
916
33932
61967
39600
25577
21235
56499
16354
57046
32205
18219
21011
12383
6785
28713
34921
3477
39392
46552
59540
55373
60821
53475
3810
58858
44661
9135
15579
23305
32181
15244
38671
27915
37421
53299
33032
14874
12017
28124
61759
42813
30871
35335
27436
3309
10301
60580
37615
16935
61293
4133
7428
55467
25500
1244
24181
9556
53294
31851
48386
29458
28289
62856
63277
28197
28720
29676
14453
12604
14651
38157
26990
63027
51128
63484
43282
44239
25123
33333
64348
51686
57062
61563
13412
19250
34768
48153
51459
63740
55295
53996
22594
7302
1549
31997
49244
6348
38879
63148
14023
38806
53167
48688
20719
51877
32971
57654
13384
1670
41585
13220
26595
56035
49766
5044
27521
19034
31631
24629
12543
54957
28886
48838
50410
38979
51249
27008
25996
65367
57513
55578
8561
3452
17451
8639
60262
60715
58168
1059
54126
37527
44164
30843
56871
9320
60171
53992
25996
38660
37610
37656
47395
30687
20776
83
60357
45282
33182
24320
23746
49135
40541
35793
63882
26255
57136
36796
9737
48670
10397
47929
20142
7571
40279
51033
1134
21439
22737
55580
50805
654
44186
8512
14494
7550
17864
37733
31846
63318
21745
43796
50328
55017
50471
13689
34987
23590
56266
46966
47561
2156
18802
49917
20113
9863
64633
24569
33162
48174
37147
24114
475
61328
42490
56041
27994
60177
46091
35985
57406
31218
26073
62376
6872
51470
63466
56675
47638
14109
19429
10671
35127
54330
18712
6023
60470
16250
38746
17030
11037
20233
56259
4906
3446
15525
18
35460
47062
15999
46046
30428
12748
57418
45887
11305
48831
34274
3275
47315
55069
35331
24271
3834
52092
17644
33028
54545
59232
56876
16806
48729
30951
29849
40537
26343
31342
1746
20236
53778
24329
3603
21447
54992
51462
40047
49284
38707
64755
51884
18673
19076
50218
15490
20213
9970
65199
34651
56978
25948
16649
12458
64297
8162
15276
19416
17485
59402
36225
