1024
0
5429
45051
45255
50740
57315
16812
43
7366
43347
14310
60581
41069
32630
34897
29586
30923
61217
4657
35391
13394
50650
28370
22481
55956
35283
41341
7724
12650
58996
9143
5922
55592
23118
13588
33112
56627
36479
62600
31603
55979
2723
39108
44233
50174
38173
47014
28191
5276
36608
31898
39546
6622
2184
27962
45614
27998
36420
4648
33104
18823
3448
2174
4084
6153
47406
38947
4475
11269
12277
12654
5352
8566
47493
28848
40434
2703
25439
15348
24751
32695
38762
58164
47842
36655
5742
54767
48455
31298
43745
58627
54346
42142
28506
45734
29815
26777
55318
31181
9307
37382
18626
15224
23167
11928
57911
52976
17000
7153
12932
49902
64068
27043
23744
60942
64627
42260
32078
61517
1170
14105
24029
58430
61630
384
11760
51632
47410
9032
15090
17382
45256
62301
9419
55075
50104
31169
41716
57447
17345
40943
18504
53697
26256
30051
4362
14602
1059
10885
49315
46941
32760
17299
31134
14892
43352
30539
18023
2774
4341
16892
36764
16726
10118
34860
12601
50946
20868
51024
60111
27842
6667
34800
13527
18636
31906
29408
74
9959
9735
12220
59386
54533
11729
45955
30216
8845
64565
27589
15840
28648
29055
10655
27087
39532
4496
16427
696
61640
34702
25969
44104
44086
55190
7217
38422
31299
54119
44375
7416
15651
19733
52082
55683
1351
14010
61787
30530
24614
28829
58528
47061
41858
13093
24817
40323
9487
9690
47166
20331
60573
54752
2977
41422
38156
47392
29457
9545
42618
30259
28197
51628
34042
873
29325
24583
51646
47325
8075
26532
23770
46373
15093
39494
52374
53646
29459
37633
57488
10446
3874
167
57791
27170
54863
48198
21152
4595
23781
39775
5886
45771
20534
30897
46118
34028
18543
63401
56163
22877
38154
63904
44426
54599
43098
29907
51086
49997
49568
50395
46232
58958
64312
4733
23573
55023
17521
13890
63617
14308
51479
47810
12054
8312
2166
27214
44965
6906
19781
53909
48841
24318
10188
43987
10253
3925
4500
37577
32549
7841
60607
41901
47347
41027
63009
38200
27949
33776
49272
1190
12208
61299
54854
14701
45715
11592
17133
24671
24387
20065
64583
29609
32317
13112
58685
4878
49221
17827
39925
5268
4839
7548
52082
9834
22010
46153
438
16098
6190
52346
64833
36723
4826
62114
25185
49469
31593
24157
51361
11158
20242
9961
38266
10543
48894
47783
8640
36140
7747
21493
55372
14739
63501
38165
55107
7827
48927
14895
41243
6549
29845
58180
44010
58933
40709
7617
31263
37085
8434
30320
14022
23995
54692
42686
1345
20089
1873
33010
50898
28754
11966
28330
15198
34981
36079
38805
26685
44980
31520
52668
14071
7230
57696
1852
53715
55458
15501
54684
51211
23218
8143
48455
58636
10578
9893
48585
54838
45286
52965
31073
6590
55344
13659
40132
19892
45603
47959
49562
4499
48589
56035
63894
42338
27204
51361
22666
28589
16956
52747
41318
57001
59264
61148
62079
42286
19150
63528
60320
23163
14106
29113
20392
53636
29377
43408
45549
21170
43465
63692
20737
59138
39751
23876
64048
24158
58081
10500
48125
368
23147
23744
18875
1928
41560
14101
49308
47782
36569
55352
39250
23198
48454
29461
25812
42290
33219
37214
63292
15528
53136
42988
16074
14787
4202
35836
7152
58667
37549
54911
24395
32571
11252
48451
60521
41695
2763
6670
31871
62502
21561
34867
11783
32581
16056
46608
82
58861
8444
59444
25607
46487
61476
50563
46280
21186
26438
47161
24460
55111
15723
6708
44647
21076
27257
58126
35060
50186
46450
15030
21550
39083
44736
56463
29696
46579
18140
48738
28759
47575
38021
20373
6885
16516
65297
28562
59970
55597
51601
64095
52059
42059
7195
57556
3203
42574
46029
21468
37354
57989
28179
51367
60981
25402
10663
42714
43006
56493
1057
49036
32130
10269
30975
30142
63316
34684
25508
44968
59298
53787
2795
13399
48699
47020
62635
3505
43303
49574
61475
10419
5182
61635
42665
18182
62331
62980
43523
21557
34714
4898
42357
37657
29876
4192
60075
40349
13014
43503
33829
59950
51524
209
17417
43277
42379
27686
10335
19757
58597
57807
44324
26811
49950
37329
7193
60819
13857
411
41987
59976
6181
13588
8725
9407
20317
62723
53450
63256
12081
2006
33220
65021
14617
63132
1339
34431
5258
52339
62789
3541
10657
17774
23460
20897
11274
35867
41638
13709
50727
63597
58006
3217
47733
47758
54065
20103
39123
12547
41941
21272
44194
49985
52914
24394
47900
22905
3437
25417
47727
63816
4161
19013
21148
25021
4661
61715
44011
10441
4559
31380
42548
39532
34965
59838
11987
10770
51672
24191
41825
13770
38498
49264
12184
51957
23341
22309
29833
34214
56588
1050
36899
19642
13675
44891
8174
43989
177
38480
64939
23443
31783
51835
17654
65252
7095
33208
56517
24711
7630
52740
50069
7823
45533
31403
39420
45541
50998
29282
11157
17057
41562
23230
51167
52357
61865
52541
45107
31590
50766
54691
22258
48628
56161
36482
233
40927
4241
44067
16986
5321
21319
3253
54845
63241
64190
43567
6149
5821
18663
11808
60022
59894
41550
3643
47993
44390
60620
37740
49122
57527
14440
10212
63214
16544
10365
61861
53092
46896
50849
2639
45959
41168
7600
34462
13239
28366
15230
10035
39598
51228
53679
8807
9352
15739
17374
51019
54496
65348
16828
22201
58004
167
33126
18305
10493
57879
28926
32417
46544
54332
52666
33420
24065
63905
65346
53475
45642
46250
65247
55399
22341
13236
34217
14370
20095
21636
224
55067
48505
18150
54090
246
63775
17173
32920
63231
19400
35178
61495
58536
9949
16508
58880
10771
44216
25729
27211
18410
56974
12281
14644
56239
51284
32225
5814
44480
39664
34348
37830
28701
60292
17398
52583
57963
53228
22716
9925
60494
27316
8903
37644
30644
25699
29304
1157
1228
20627
60016
50627
49192
15246
28421
54771
46773
45068
61521
39850
5662
66
64906
17802
45731
7801
23644
56148
61110
22958
52873
43765
41325
11022
25715
62150
44573
47574
62531
28002
1040
45430
35461
61712
31476
31457
10145
3060
58228
23923
9318
52021
20091
28294
36155
9650
12092
23076
57513
6516
58705
3732
40064
15231
8206
60536
18865
63245
24182
55888
7293
53628
779
53062
4592
16922
16027
57223
20509
24245
51313
26641
54232
12979
63790
13790
5560
62521
36932
16824
17620
30875
49928
22107
35703
55247
29903
52387
10586
31762
45575
59874
29333
2900
48745
3622
54777
8255
38513
8202
35768
31530
16674
50521
13058
50464
17017
8190
