1024
0
54997
36806
63714
9105
4407
7420
2436
16348
13959
19281
62816
49969
16438
23202
19763
22738
19358
23426
256
63902
7425
48083
41950
51314
49581
58896
45560
61228
19006
48825
60763
32848
60392
19558
27877
10900
2159
5468
12502
5447
24574
26423
62790
14361
7659
61646
45384
27770
61016
15039
1783
61247
54362
1343
5883
13945
11141
24051
26399
35836
23920
4855
22774
48819
8016
14691
30835
36831
2766
12362
22632
53770
39606
16032
63960
36715
40385
60571
48457
42786
58456
29412
273
46377
6229
63852
1103
21555
53150
20960
58747
50181
14640
37393
10127
17625
20986
26425
33432
44287
12650
45313
58051
51508
50595
35213
31684
11444
16510
34547
21713
64505
4315
37244
4788
59453
58359
1529
26856
26214
26429
28340
15095
2578
8650
31372
40095
25375
36854
43498
42222
31092
13731
51280
14033
58199
13318
24095
25761
10651
17381
50125
23601
59882
51512
59871
5911
46112
61864
58560
56731
49341
52285
63020
4082
23978
9430
9711
13814
65137
18700
21857
16473
17139
12625
41453
61502
21073
62036
45219
9398
32959
61591
46029
42085
32529
15398
19413
61283
40040
59928
52946
21862
60575
35022
37457
51406
8610
38950
62487
30881
33736
32528
48597
7760
41413
24461
58307
36510
29862
9651
30920
884
32144
30162
6019
52636
42430
206
62274
6398
9838
44748
13484
21311
29887
63261
63416
59914
38081
55578
685
3896
52343
37247
14570
33200
11381
8633
57175
64105
41827
9756
55926
58646
22086
42323
65291
28233
6802
53714
50022
63462
13283
39692
18796
12122
53628
37013
33436
55703
38813
16713
15270
20160
24417
5701
46360
11948
49051
43128
44831
50082
42877
51244
33178
17078
54593
52923
50962
16364
14962
58036
46450
49793
24719
7786
54866
65175
63213
41816
11177
29718
25783
53288
10642
41335
20723
17449
33696
36116
33055
31303
17989
60714
27998
12985
61503
46993
33795
42335
24662
63937
12460
56339
15587
43564
49215
9207
37662
39998
26329
58590
65030
23373
47103
39848
37036
45302
13795
24300
45426
18742
9155
61860
61048
14253
52581
46335
37684
9513
32753
39558
51015
4864
65073
55184
60277
57788
52261
58622
2373
29830
37235
52974
63823
40617
5809
28771
1753
17446
28113
21851
8918
32967
4011
63478
42949
344
46704
30290
27605
2767
34891
31813
44376
50285
27249
43405
33076
27863
50955
2870
21428
49990
40630
21641
25553
48487
10425
27880
10559
24678
60510
50980
10004
47269
32170
30193
58172
27365
55396
40922
37624
47053
8668
48709
56100
19875
3763
56974
22979
1603
58787
6806
59863
34063
5415
44076
34191
37066
6430
34675
54845
45800
60324
49261
33791
22000
40658
39219
65123
40687
17519
65519
37617
37824
35681
25827
6366
5091
39421
54214
60645
39133
35245
48607
11535
26343
12611
63785
28453
46814
16780
28028
34557
50989
47238
24536
44815
2106
46602
17589
13646
19028
43583
48680
4736
22859
3546
11169
45354
62516
64193
51905
30296
22144
55884
49380
30866
47198
41838
21865
31031
41061
25008
35815
9024
21794
45331
16073
23091
62912
29993
14567
14983
20640
28090
727
47938
29983
51950
51431
19784
46136
60355
46254
63400
26496
26551
48276
15743
60596
7900
64573
20325
20680
57747
65392
27480
54072
35778
15464
826
23105
25510
41900
30960
61812
40237
9815
63958
50729
49870
8176
10339
55048
5413
51626
37491
14410
3980
52181
1020
44364
52675
34898
30905
13542
55146
59422
8745
61983
9220
26693
26651
26292
47255
2675
18035
2594
60466
1208
27497
21297
30276
47474
9357
8178
2020
44408
31077
43718
6796
51459
34395
7171
45485
48843
32353
29459
22234
36264
12442
56147
46750
12223
30457
6186
45285
50330
40884
58771
25349
34101
36444
28015
56789
3122
37272
53867
47618
13867
17918
3641
45727
13242
7931
33080
60469
29782
1124
20491
5882
38721
30622
15317
9415
52296
50199
3635
23914
18399
12737
47750
43354
42654
4286
9045
8022
61414
922
30411
10037
2400
1506
49179
18403
32506
8751
18212
19170
25264
30299
53601
42764
46036
16572
44656
42273
36555
33963
4983
1985
13098
27314
42600
52535
63461
63239
35871
65466
951
57483
47922
51878
21655
32927
41101
3702
63783
20972
58052
60587
34942
48906
19891
56756
35867
48716
54237
3895
39751
15448
12190
37282
753
56854
6007
16939
17425
25235
50273
40062
31519
20921
40415
5475
62979
24667
50501
13671
32125
7573
14374
30602
5036
16053
31829
1951
64231
12963
22950
40906
60893
46609
30316
11158
10455
25658
17295
12249
4335
129
45611
13317
17359
42615
60262
41011
8093
63374
16457
24960
59491
16247
27029
48235
22495
37206
42646
33091
40270
6703
53807
19862
12365
32646
55247
43465
55640
65128
14517
3196
31395
46164
59772
60475
48327
29528
11322
48692
57458
29165
27751
6355
30616
49066
11401
42474
31520
42873
5261
40383
13330
13716
28890
9106
30190
31904
39916
4471
57631
33313
39526
29137
37304
42615
35399
59655
37571
57919
27950
55879
62982
26188
19867
33699
9211
37727
6095
537
38603
27542
19677
30737
18557
20073
64809
36064
49479
11709
11280
51114
58230
56171
1114
3707
47209
29708
40280
2396
40581
5679
33582
50279
34911
39501
18693
7906
7340
19891
42094
35162
46903
42625
48985
45773
6863
29696
24652
4565
34492
9065
2967
64298
25650
12658
21141
9089
10322
55359
63847
6418
19250
27734
55875
63885
39028
9918
32498
6697
20576
27854
51347
5101
15990
6714
21174
33031
17921
4171
14084
60157
24396
48379
56854
61329
63661
51024
2506
23945
38724
25144
62614
27458
51704
32987
61405
58395
36197
13172
35751
28925
27544
58722
9010
63503
13975
54700
31072
64626
11674
47911
11920
1451
38858
24562
9750
35247
36861
19372
7823
39215
2631
17683
60563
54350
19849
12181
3154
7582
18631
47914
8849
13530
5041
23210
55873
61544
20284
19758
12910
58980
63184
42304
36779
2667
52865
13881
60835
42731
260
51976
48062
65148
40154
64039
29913
65524
37985
41118
48674
38355
58080
53264
18151
62581
34439
10419
24327
33498
6095
39138
28478
6183
8716
30516
55344
15483
63377
47540
2103
13455
16611
4119
1745
26382
8265
37469
38345
1048
19082
57596
2854
13357
43866
45287
24821
20971
40247
33679
39153
648
59213
4117
35958
29595
52639
3246
15952
13493
29935
53686
64293
20219
28927
63878
55196
24811
27904
17036
25918
19691
35422
30963
21023
64991
55267
61727
37652
52846
20324
50031
30680
49230
55047
47071
18901
24758
8545
35353
31324
