1024
0
13210
19629
16448
21313
50229
26682
38194
22533
50595
26352
57017
51205
312
26765
23495
21992
19365
30241
44014
37385
6698
23344
9988
22016
24528
64765
65124
37085
61734
55552
45414
22056
21022
5992
50471
12494
10753
14395
8713
54531
57437
34705
21145
31566
22485
21687
7260
40421
64162
35113
53649
51780
18162
26064
42322
22938
44926
51585
8130
43019
58378
25549
43227
48092
49397
11336
16736
15337
54205
1399
57776
27601
20775
2336
36112
57585
7156
54287
23617
55623
24392
39244
25591
61363
27234
61901
11704
51804
52789
50261
25487
53501
42479
30275
644
7066
14730
12368
26348
55374
21948
61142
1112
52265
16722
62363
56060
50317
55370
5018
18448
14490
29574
20831
11060
35010
21919
3842
17732
27111
56890
13170
20599
46821
40158
28854
31517
4797
52439
17493
54638
32499
36810
45077
64642
36409
11988
44525
14529
63036
53016
21132
210
5705
39467
35314
15051
20001
10024
38226
578
60856
37979
34221
2942
9025
2356
17172
1141
38070
52093
59653
9323
14357
19128
20477
44167
16137
37313
51820
34218
32769
36510
38287
16756
53142
41027
63465
46224
49240
43765
47876
64793
63828
45590
1957
26889
12428
26715
5993
64357
65286
6177
47574
63424
51392
63745
19584
26943
2005
16866
47066
53039
58249
48124
43374
14002
55020
10087
37828
47951
62313
43118
18585
13377
21816
61729
17548
35532
12365
30670
43663
11381
59447
28006
8830
2089
49764
53012
48188
4985
6331
14406
35324
31071
42873
65411
56753
19807
15200
2411
19285
28111
35255
55166
5944
57822
35074
1875
47541
49976
59763
20225
28726
15763
3074
54772
16182
27040
42592
17545
65510
52546
32077
45990
3441
11819
8673
31928
26180
28455
2270
13777
15078
16011
6099
4016
49012
59191
49308
40486
62884
16846
20450
40802
51337
10136
55595
18235
63175
4867
8906
61101
28717
11461
5549
2968
1824
61053
46549
47848
54364
58304
17479
6464
24227
57246
10038
38368
53148
44780
48697
25683
19714
15757
45244
25137
35866
29121
29263
28214
32932
48433
49351
3110
7204
33249
40218
23190
63093
23554
11621
55866
33659
18598
19793
26356
22434
29827
6551
15328
13391
12052
13792
61098
48128
25612
39492
21580
50956
46250
17427
51641
20085
18935
40021
18156
44202
44811
5742
64897
24249
59798
63937
20033
33921
54629
40605
39398
60024
22063
32831
63944
61701
17408
27638
35926
64241
48559
15055
2602
2441
54091
20163
30872
28402
31609
38470
21140
64754
55742
50349
23443
29401
14606
28742
10843
53516
60510
7595
49744
43180
7045
61050
53481
14816
20866
31646
49146
14332
9862
24547
29722
30469
61617
45746
37925
63628
4493
31834
23747
60971
9160
57424
57286
9742
47481
6181
19177
42111
60893
55860
53466
42215
26542
33516
42163
56708
53559
50240
42946
2617
58939
51538
10713
46193
9426
36630
45386
13725
28509
54403
7303
29726
784
26986
33383
30336
57015
62761
58506
31244
27426
61247
46922
30619
50027
58564
51772
1632
2689
35962
21020
1329
39827
62106
51795
50922
25226
5896
19806
62105
54665
27097
48909
57805
1719
44462
49685
27546
35955
55343
24100
61793
43957
52974
54276
25115
44312
22523
21672
13735
20346
17561
638
23702
50145
26170
7937
30305
3605
17976
56231
46606
19829
64289
34935
57520
60762
23969
13575
10741
38215
3684
52982
60097
19123
43980
22820
22458
8448
15459
47687
17272
30272
528
7826
26892
55644
49349
26664
43831
61999
137
64072
13654
54339
16379
22089
18764
9252
38691
34834
25355
16764
5224
54474
55388
32768
58327
35740
14657
61640
30839
27585
55308
60770
50745
22498
11771
26225
32025
56943
46988
26687
3527
21075
22432
41119
35638
26832
34429
56303
51569
52624
35446
28271
33566
38450
64002
5247
37057
60071
51803
26214
31549
28697
49375
62668
12599
11293
11673
39203
42698
61404
44363
18545
57792
35593
5667
20302
56518
11011
63392
28172
10852
25020
53295
11432
43302
61790
62709
64342
35394
5589
15987
61139
38589
50996
64345
3180
28621
14989
57145
38995
62374
37777
27201
7100
63389
37279
15138
57980
7768
6007
20058
31558
63301
54290
5048
64155
18612
16778
62802
22630
19700
15061
55494
37607
14856
30062
63552
55633
3320
18055
35356
39071
12959
25298
15959
42967
52210
5386
12708
45850
18645
45450
22526
47688
37674
14568
12343
25340
56611
8728
60668
44229
37618
35299
20342
12538
7372
4543
3958
51562
49395
38226
45117
52735
51265
17562
1757
54960
16723
44407
43185
62215
50371
57567
60995
26539
48698
40525
52006
62483
14257
63248
27281
6466
11029
14429
641
13235
60520
50654
65423
43228
15041
9148
1124
24145
9197
33483
8590
19558
58793
54729
11363
22147
29255
56200
56792
56129
7855
9945
40082
49615
62185
59029
23158
9863
10786
12505
16618
55025
43465
349
23113
64260
42014
3498
48902
12241
10126
59441
16966
27481
41643
46257
25409
14293
57967
42993
50580
1477
44064
20695
39201
32415
50054
4062
22475
61351
7957
5250
45665
50425
37848
42422
18147
15418
22889
7380
22411
48644
30376
52626
1076
48818
24457
20101
10533
57677
35050
20343
7483
5040
11024
3494
60286
12750
842
11226
64993
33015
46419
36521
16593
15407
16305
59372
24827
15699
58850
53962
1736
58472
29637
16810
32368
55366
41278
53076
61297
56220
28827
58768
32551
38832
28852
27393
37776
62564
56090
17554
34962
28809
29293
20452
45669
63106
46068
52536
1426
8372
9210
48519
51901
28016
33224
15600
46621
42801
6729
45410
41446
16972
25837
38878
30954
31198
18270
16262
67
14656
39553
57760
27123
7265
43333
19736
65449
52126
38792
65371
45813
61565
54775
59521
28456
25887
59136
18160
10237
6495
45466
50573
11842
37566
60051
13200
42609
40810
20636
41361
3818
18943
49408
33286
48626
14528
10017
62635
25254
59650
40712
59145
13016
36446
402
2711
33625
6481
10106
51298
12716
5930
1277
52327
47750
40424
48402
12456
50311
33479
40982
41681
40897
51129
16362
38506
23914
5646
53177
58573
59612
34634
30206
8626
45822
60060
15037
50454
18334
14924
3104
62764
43419
14080
30936
30261
11108
43341
8636
64739
24786
53232
24717
7162
31825
51615
16845
27988
9890
43859
62162
13742
6666
1045
47646
60065
57658
47294
27391
7285
6006
62989
13024
14709
17584
20727
34239
18306
61733
55238
47052
27276
38651
29639
23213
20350
32247
51769
64946
46686
29141
12538
560
10561
56131
58595
6318
41645
54261
19147
29377
65330
15415
20960
15420
49320
46926
41798
