1024
0
7345
21007
17833
47574
43094
14726
43913
2451
62856
39465
51129
24318
6331
58242
63836
7631
9060
24537
50645
33522
44771
6856
5943
17063
48800
3927
25122
4242
32649
21282
46642
40085
64598
49868
45595
21204
32938
22513
22163
3161
12373
19891
43417
36110
4965
1529
59469
24219
30785
32374
12010
6643
64270
4058
13757
40474
1699
58593
22621
26419
28482
30320
17342
8806
41667
28499
3705
35493
64496
14592
31474
50043
59906
60178
7472
16941
15736
31693
11947
48213
24707
23333
32215
26543
9710
37031
46655
25223
53442
23662
28127
65241
9816
61776
44774
42842
9886
8788
62063
6673
21241
1035
13004
40047
44104
50941
28852
16747
2397
37827
28152
41062
47335
35960
18686
38087
24010
5287
13569
51752
41146
44080
44222
54771
11271
46445
9220
14553
13097
60409
16169
20944
21495
2048
23388
64627
57187
44640
53257
4166
23929
17110
16367
54100
19407
64606
40527
44609
13171
13007
28712
33015
9748
3761
21262
23737
60511
56084
40050
37573
48278
9429
16708
692
44601
59885
41688
30835
48754
20762
45309
59859
48952
32936
61781
46292
5168
20852
40430
6112
8601
1519
19997
6264
43920
51803
63587
51107
62347
50540
35523
54453
306
60688
56659
18901
49423
35930
16727
19298
2148
62877
17971
51756
47252
64525
24842
6460
56167
49245
7974
25527
53255
36274
11514
51018
56067
2620
42077
56343
30239
43443
20400
44625
58368
52455
47767
25697
45487
51218
63303
56684
31138
17654
51371
54835
52897
55319
55579
18400
8045
54473
18630
44318
60968
42056
40008
56054
839
25554
22737
53228
21348
27443
11435
61846
25094
60618
62836
63577
38101
21406
58394
16312
37072
4036
63447
65305
3275
19928
4698
17157
60869
62784
52778
64721
7923
9018
36232
15100
58443
38329
14215
50009
56060
63579
24327
21938
64463
47632
23165
34889
28702
41503
14058
63595
16114
54096
2071
19156
54807
9783
31322
19305
16298
58339
57804
2390
19581
46574
25490
45332
18672
27911
41160
13315
59960
46789
62921
65352
6509
34662
24771
51415
36821
53164
18373
14074
49286
11563
41464
40977
40149
8958
30205
42801
60426
33807
12931
57294
18270
40248
21735
57576
22389
49400
56521
65266
51750
63875
56487
22584
36779
50038
48365
34519
57487
17888
20704
17338
48702
61124
16267
16422
55670
33311
20705
44114
21248
51073
13138
34525
52514
2370
3151
57758
44201
11352
36700
19100
58373
18734
37449
33497
64150
33684
1072
39090
20036
22727
27405
54863
45353
2661
26291
4868
32100
31397
41352
39982
47968
27413
59173
17471
63995
51641
18701
5278
16256
64911
20829
37296
52639
5559
18294
37638
25340
14547
26191
12004
23639
24172
57575
56553
50243
54339
25279
41728
37979
31521
37725
7194
13741
35622
53271
64177
41338
50473
62316
9089
15952
44280
30507
53144
64091
1866
40918
40835
30501
64186
40942
64815
15858
29911
36081
23708
55941
1210
38399
28411
39813
15782
2204
38326
49794
14394
16689
33286
35574
846
25673
11633
20449
24234
51695
9981
36876
36946
5621
65280
48465
31370
63652
35314
26083
24499
47079
37098
12198
24692
57873
42246
31764
35244
52891
60967
18633
13468
27268
17488
27545
42047
48044
19655
13122
33612
65448
42772
26321
32858
1166
17325
13050
1393
17956
48951
4426
33414
20576
42113
62278
40377
6584
41607
542
9008
38607
22726
63397
26538
30546
10451
26458
7448
39218
62800
4117
34223
38599
25324
55828
9919
34883
16583
53607
55303
37908
28174
63315
4218
50119
53843
19735
40722
54914
39254
33353
43355
44893
21977
961
8718
21280
43283
57287
44383
59240
59186
15783
25889
42906
37782
62526
7033
31500
33433
59382
14688
20403
8822
58485
38391
40708
26293
37285
49637
6831
48568
53101
19526
59425
57810
60472
11261
24899
34763
32466
20200
15441
16048
57224
31102
34903
43096
52697
50844
41141
26401
23953
1712
65284
61419
21376
22529
36266
62317
39000
49088
4508
33937
63875
59482
11461
46788
53975
44009
7847
14516
32178
23482
14472
49568
55896
52083
44222
36446
52153
31043
25162
51237
42783
12454
59029
11992
35567
6690
53693
20662
2166
24423
32819
63783
52051
45998
4968
26653
37917
19623
65504
46091
5803
54013
17661
19666
58947
35967
42254
63517
53102
8454
34348
62268
19840
8304
41292
47738
16933
48657
56751
45695
53577
29946
4893
3637
33790
9993
65183
27127
57989
41734
14436
34548
14013
33821
30645
38179
33213
64674
38660
33108
55660
63369
44072
2635
37926
41365
57985
53367
5804
34003
24697
38642
23805
18745
29850
49333
8031
46409
13938
35310
17216
33689
19978
63379
10306
65157
6381
36573
65065
38971
52397
31487
11594
38552
34914
38603
30401
43771
54352
8581
40731
39848
33650
6654
24363
14019
54071
16017
50035
21003
32248
13109
15137
24205
62182
17649
10914
23540
3545
33933
1503
37350
19588
51988
15572
40181
49848
60203
19691
3109
12306
55177
54395
63929
27814
18084
56368
35894
6634
42981
21661
1694
5891
20300
57951
60281
48052
26887
30417
52495
26245
32899
29465
51224
65337
12202
50834
56853
49891
4530
17157
28000
958
8426
31383
24891
41953
48643
12007
35952
26663
14613
4722
26275
11100
33679
52057
41368
47131
11908
26110
23713
57027
5470
58502
29895
61476
1764
8824
13841
51572
32896
30844
34574
16969
23068
43963
14021
24610
50912
13080
33233
30391
33732
28108
13507
31056
39919
47858
48200
1730
43495
34605
55851
3081
23874
25370
35014
20241
48724
39040
36078
13957
42528
20110
51330
26766
38747
26868
28775
38073
59940
30236
22646
40542
14649
28284
58115
15581
3493
35124
59996
57615
43749
43271
48779
14652
18822
47670
50093
60327
24467
59191
529
43522
16637
1392
6996
34546
9938
37311
57872
14333
5986
53524
6746
31099
49357
7213
40692
45091
60674
5971
26137
16046
17182
33415
25989
34966
6334
4872
28921
30769
15745
47777
26074
59058
9092
27979
14533
26628
15425
58700
47169
59337
48666
21020
59377
16106
64592
4381
13585
49934
34042
16365
22922
31969
14256
56632
394
19905
5291
9828
2114
20531
46913
7783
27581
16214
12186
54862
21987
49308
53724
35008
3973
6390
12292
47800
46597
5431
40496
40876
55878
64341
52233
57920
17610
60902
6099
130
5552
27672
2042
56073
39205
3543
47177
55368
59279
33824
60642
45943
4206
26079
47794
27330
17552
7352
11755
31991
61054
12557
61459
26143
44882
21010
27237
56472
54281
64344
29439
7897
30501
54818
55188
60620
56847
47417
6025
21901
53651
44163
