1024
0
27637
15825
31103
58525
39360
41561
40479
62195
52172
4027
65125
45807
17381
51231
18658
26113
63660
60030
11873
33864
16590
17528
21871
63376
31363
26793
8435
41082
36275
51509
46847
15616
19624
53465
9148
41110
28400
14351
49608
37211
62156
44440
45925
61608
16182
21202
64475
49345
60923
17488
48654
7933
50010
46952
46735
10846
48458
23769
57427
1043
47431
14872
3653
32657
64548
12892
54847
53812
12474
12775
40219
61978
56152
31643
59096
59321
11456
40885
30207
58383
41246
25180
43505
42434
14467
50650
42691
42725
30157
60376
29132
40856
45532
42737
64249
61845
7627
2878
44444
63222
59553
56967
6653
20437
56163
63466
46885
12046
9167
52723
415
47197
46537
9599
13770
16440
5079
43593
13747
25534
50161
22813
12287
32122
27456
42301
40276
51643
56521
56187
3143
29828
52933
25186
3623
27919
58724
45584
65452
44754
2483
37508
25374
35654
1183
47995
19717
9271
41417
62124
17581
7525
2842
50486
15152
55046
28903
1520
27625
28937
64201
65120
58250
39719
47228
57944
6930
40952
36747
42851
21809
10464
61399
60243
15581
48140
46869
34948
37450
21987
48694
38288
25521
47659
33532
13020
9792
30384
46171
24883
38792
30791
53811
20428
33396
8034
25972
62537
6527
62771
24564
36015
17280
13497
51771
12142
9043
6250
5682
56814
39036
62446
8837
15177
52832
14129
58859
57338
12194
51047
50408
6343
37692
29549
17097
42468
64603
52327
8433
56517
38791
39795
58300
56786
39180
2417
36345
34946
56077
4366
58314
51764
31537
56573
59765
29846
23324
29340
5574
14677
8985
22050
9712
14380
42689
34906
21332
62292
31952
27762
55171
32577
56743
4818
38433
43039
12203
56962
10388
61036
11703
14556
10844
20627
43556
53277
9265
14009
22493
62884
55249
22802
49612
11028
47754
43345
46460
36517
33251
3639
909
14807
61093
2417
1885
51322
17839
27936
2843
25755
53828
63801
38466
7343
36556
54666
58700
32543
5662
54334
41321
48908
51701
42498
41895
519
52409
10180
54317
20732
53301
18782
53868
2545
24841
39298
30973
59526
18391
22312
46774
4498
20397
38830
23153
62165
20462
21466
59779
61839
11318
37778
60300
8809
64770
7316
34097
50510
31303
27426
15180
30166
27621
40626
59932
41702
10324
30935
31394
1570
41662
1483
64384
46920
58986
18805
39914
36239
28750
47791
12632
25920
31087
26399
45042
13723
1223
1843
12138
56986
41208
60615
51321
14145
32516
6984
24441
28188
55010
63153
40669
34561
33267
23378
30835
43751
55666
30038
7261
61327
17941
63881
62054
33939
27576
9253
62235
36749
59156
49324
7467
9373
40843
63129
49742
2027
24105
44421
58738
4769
26384
13784
45194
28542
18641
11401
20202
260
42621
17461
48507
56291
61790
42059
323
59964
56248
40012
21473
81
1889
36906
12475
5135
35352
15689
5227
42757
33492
16081
50953
6047
56166
25054
2349
21175
32378
62435
3523
55098
19665
9040
25995
5145
22316
35803
19580
49715
5098
58448
1699
6978
61465
20450
11265
48634
25162
41675
9402
9047
16214
24927
52516
24366
26334
26190
11002
17149
18065
23868
54987
18324
30067
41552
18299
35625
32698
16853
61000
17884
43605
10659
20972
26116
46861
22337
27113
41817
48732
16426
16916
51112
40335
48859
23885
20517
29500
40856
6423
53861
21006
53392
3033
29174
2512
6231
19245
55521
16301
49021
19625
36047
27878
10208
37154
53753
35559
3896
7773
46530
32487
12596
31851
9351
29179
51624
37510
52496
39372
57085
31700
28701
35411
29087
53441
12856
45285
53482
30906
27913
57696
53727
48639
18654
13384
18865
20340
45616
37274
25398
30018
56862
29304
49229
7118
19583
35913
34889
54243
22546
24627
59008
9216
24467
53140
50055
6985
21627
34144
60520
2542
21617
35530
45594
38314
14398
44916
11989
7516
31900
46781
57156
36725
64320
49530
14685
32019
52924
6161
34124
24006
51244
64963
12830
64671
7138
26842
41770
53302
14540
37124
20062
21034
43139
1842
30886
59399
36541
7648
11622
50862
22107
968
44290
28478
31306
21005
34326
50978
56852
21208
27888
29792
49470
42278
8397
56648
53705
20792
6300
41146
56429
2914
37090
58612
34729
60232
8070
16397
47505
2224
4244
44927
33248
40770
43482
25879
18271
42739
28818
30993
33343
53951
9485
6388
59891
25328
16362
27985
55242
7859
35374
37053
5058
15350
13429
8916
13468
17142
38355
18383
60413
32510
31776
12550
53229
19160
29706
8966
1117
47065
18920
40431
50667
56262
61778
21544
64673
46369
19476
47309
52781
56799
18019
47905
2424
15406
2582
4120
50584
45398
41325
45595
3167
14178
51374
47946
7511
3863
32535
65339
4250
61330
63463
19874
37371
56180
40859
52779
52819
10837
6763
31982
36806
8551
14284
6296
29667
5776
12315
49537
52240
32857
62456
31768
56748
31379
29378
1592
17975
6721
7927
24179
24851
42411
1661
499
44485
31038
11141
15359
54468
13426
61037
37824
57146
54889
51266
17662
46900
37882
6219
10831
41356
31184
15691
24686
57948
47420
3778
7938
62734
52270
35225
46294
55083
26620
59589
2605
15617
33652
49371
4408
4559
7048
13084
17366
34436
61583
46866
591
20218
49806
65532
38069
32185
23494
1976
15366
29907
61013
63413
50393
59287
47666
415
46415
28770
39157
32435
10583
46128
7064
18771
4199
11050
58516
16980
46547
50617
51254
476
41342
11161
48931
34156
18812
18154
43105
47391
13704
8828
20738
12046
52355
2228
36038
61823
63433
59261
43364
35207
30312
15863
62467
36971
23085
60374
14844
3552
58920
55678
25519
29750
13391
3626
55662
43320
12823
4653
5423
12087
63818
5182
45628
57475
31786
47689
50058
62371
17856
49872
60124
39795
31720
30345
11311
61154
52753
44546
24049
34298
29499
63679
32535
36071
50813
8332
53087
32589
38730
39441
51990
46311
1591
62809
31382
49033
48424
15471
51397
36958
7177
38472
59059
2843
50759
25596
47463
61433
35265
31900
28526
54452
49671
42862
18355
13836
3590
60207
43132
22175
28573
9897
1515
50459
36820
20782
63247
3867
23697
12822
3722
19620
12825
55806
11892
37901
9944
60903
26833
26441
40963
24467
19478
18863
25198
7181
54901
6827
21455
33911
44887
46241
14364
41334
46763
55420
63124
17322
35953
19868
53253
34075
26362
43273
64105
30366
49402
54045
49942
55316
47956
33986
13018
30342
19288
8406
48832
27686
60214
58398
64021
19369
56022
35415
9728
12945
37380
41606
27771
51837
29842
52301
23327
3661
40051
12689
38103
19313
38592
24469
48944
