1024
0
60532
24719
58632
13245
61760
48824
8396
19322
36627
3891
41013
47999
26090
48148
16956
43829
4071
53134
15060
19200
8305
54789
45161
45219
56593
58032
63647
25235
26330
46736
52239
64492
37524
40027
58089
38170
11738
49792
26886
60235
48862
1065
3704
50602
1549
3862
37854
4259
30082
49550
59941
51210
54753
55298
58374
39470
35035
2281
57036
45867
12017
28721
55543
36183
52303
8948
37399
45790
13950
16805
32078
52249
65128
30162
39792
47544
9155
60146
14576
6942
49709
19732
22235
20744
14645
46280
49844
43304
47902
31460
49753
27526
61546
33552
25654
64171
37345
6041
31191
4125
48993
59511
61497
31863
4255
41573
35255
54956
38532
26351
62158
42599
48823
38247
60367
55503
38000
23421
55631
19941
32049
57385
54164
27130
36998
56909
51121
31337
17870
12436
60672
25536
13657
1333
505
55351
25320
18266
57476
22268
29620
19791
32613
11064
33084
59325
35745
32245
31082
43275
21914
53187
17147
5653
17645
46065
48859
25616
6879
19805
31596
39633
33444
22596
29297
39478
21333
33117
39364
34728
22346
52158
30109
51051
60855
39663
31752
46625
47524
24743
31680
34204
5615
29375
7589
46404
49680
38423
30257
45395
51555
11772
61479
15941
35292
63595
23313
11443
37462
16362
22869
30453
30411
54901
51413
12680
8103
9581
56923
44125
53571
54843
42032
22243
53179
55532
23045
20162
23468
44833
41674
50704
11611
53518
35356
40831
49640
44133
37301
40076
34866
29995
34940
24981
8942
10416
14902
41066
7226
5223
29744
5061
54602
1870
56408
19853
30470
55345
18069
1401
38171
31843
34425
18210
57993
16501
16101
31664
60395
47935
24961
5551
49106
10896
48915
31025
35796
62734
21002
21922
1068
13413
6096
24285
2777
10935
9810
6817
47362
19614
52041
59079
59327
23454
23090
28805
40200
50019
1594
41502
51616
13555
24956
58796
9210
45457
26547
40045
33621
48431
42028
62844
23464
20081
1895
3664
25419
23149
61075
52682
45115
33228
47474
58076
6471
10379
25413
23363
35340
30762
23171
52865
23262
21505
43062
28619
27907
8661
27890
9114
27952
1157
64919
421
47446
62631
9342
36521
65149
36303
9769
33652
61115
64986
52836
1232
40530
60989
59527
44888
62603
37245
39939
16191
62007
12021
49348
16829
895
44639
24971
2614
10389
51357
9591
22141
62346
49144
24923
38659
18700
43139
10059
10351
26250
44368
64785
53529
14555
54700
49473
32393
44880
25635
17427
55276
13104
57566
50661
25634
65055
26329
2109
61260
56882
46579
30268
61559
49438
28490
64552
59690
56105
55282
54756
35594
18197
42956
25751
9863
1731
15820
28034
39989
57448
39388
39088
10928
39187
49747
24622
35955
2967
62903
50360
23168
20802
41433
41923
8637
33844
39700
53051
47561
33259
38417
41400
36973
3883
56916
2481
60184
30542
43871
38001
44931
51041
23076
18862
49714
23298
50222
62859
38479
1973
4206
32859
50812
49492
61293
3319
62667
14286
32644
48789
11784
28335
59854
50112
12035
59455
19292
8798
28250
9496
50104
17019
13919
4075
4819
50031
22911
38746
47037
45542
21115
53406
64574
65066
12657
27582
22465
757
14684
2385
8971
9585
22898
54861
10539
10335
39893
9594
62547
42678
48452
38086
9857
1280
7682
19145
17691
16381
21609
29881
4053
26625
62180
34434
50852
4295
36352
15332
5477
11870
12531
61836
33702
31653
19540
20306
49579
21245
39226
44391
52092
32291
18594
46638
477
52161
3529
35662
44499
13322
15151
44024
59223
36123
34848
48143
40662
34470
33646
61420
35771
47284
57886
45836
23673
48620
16028
20682
10259
43690
22078
65506
55421
20900
3716
45154
14447
14442
34734
370
41302
27393
53931
34015
12291
63202
18451
2482
54684
51140
14174
12257
63178
27956
22753
53083
19740
64305
35482
36222
63387
49756
45407
25824
49063
39376
23492
31154
47408
41520
56483
30261
18752
13089
57901
60504
53619
16197
60443
6349
48075
1581
43471
2475
40342
15680
55855
15166
27856
4690
54263
40226
47578
11793
64428
63344
49794
34576
32399
54236
55950
35048
60818
45333
47609
34625
6215
61834
60527
25365
44195
35114
38435
60284
56879
31111
34399
18903
20448
12832
2940
8063
45331
12721
35009
34338
51697
18063
44255
65042
19256
49228
24124
2448
3131
5488
27497
30465
55880
44491
54900
39850
46444
34762
32983
49520
58717
10719
56656
1529
35
59663
64078
54101
48166
4871
15232
57548
65454
31698
41018
39743
22564
22661
22223
28318
45713
44772
45363
60209
53232
1071
8937
26643
21851
14368
22492
50862
7968
45737
16347
38032
7370
29782
8567
21314
62357
55520
65170
44560
40959
19546
21243
2312
36792
7989
56485
29790
64948
28065
47402
60638
59426
15319
22356
39421
43374
41126
56197
14255
46078
59686
50868
977
44387
12998
29490
19891
14950
37338
49123
33705
31251
43130
13789
17472
16840
952
28469
13710
17720
7567
29487
21945
26545
32302
63295
39062
46132
3110
62869
49980
26097
3243
12859
24691
972
16651
32098
42555
26835
34971
61154
43001
6648
61578
39399
60175
959
28081
56845
6043
6692
7329
37442
41356
32829
7814
51962
38454
23250
24293
23494
43328
12495
57419
37318
11481
11127
3081
16772
48093
34026
17717
57257
19481
21133
26667
37026
40653
53640
27660
48018
57936
5409
47447
14628
45591
30866
42342
53896
47413
36394
10498
10038
8180
19596
60022
10473
9367
6372
11569
17290
63915
41683
47766
15505
38045
24165
51162
65357
40322
10017
22024
6062
14572
59142
51104
58134
4036
51875
8226
50292
3822
55729
29214
5998
65314
53012
9650
47422
32709
51954
45756
21891
11834
2027
15861
29590
14083
11304
8036
15519
50121
62199
6674
11859
33887
56407
18538
16370
50910
55923
20947
37547
2724
23997
62845
52188
17734
63624
30604
50694
18337
41767
15567
33891
39458
4251
15609
46258
60364
51553
360
52676
24001
47875
19905
28931
51207
48953
7381
40700
39707
1592
24420
60273
37467
37969
26834
9297
34679
14907
55084
2020
15056
44133
62668
5416
52852
34379
41077
42540
41807
22552
19225
24914
33038
26748
30599
49904
18864
35085
2311
14428
20511
5818
16032
63050
21850
13744
39541
50582
38908
21116
61221
54205
30058
56832
58410
17164
1301
40260
3095
56999
23242
4913
18723
4442
52213
55666
21452
65185
31880
38651
6349
34076
56148
19804
41121
20548
7334
6718
17470
58878
2317
36471
48575
37901
16922
34665
61332
21373
26048
27098
63626
15190
5874
239
50347
16507
37524
9548
452
28399
11673
52346
53697
