1024
0
23297
52941
57302
42623
40556
46090
43
38820
48465
29359
39819
29587
19429
64792
4079
49862
29636
55949
11000
59249
10467
59770
25264
3554
15795
22204
25499
21566
40137
36694
52740
3142
48580
17479
39050
45627
43634
29933
46566
410
62963
38571
47154
59888
8751
63805
61457
34704
63686
19087
59556
60471
54027
49052
50699
28841
33017
52846
58419
61875
56211
24125
44360
24019
12336
16114
667
21052
15899
29023
24110
12610
10781
25214
5977
18472
20505
40358
1752
10805
50596
23691
63898
26965
54350
53143
42992
6002
38441
4514
41962
44045
61328
56439
45400
3902
18577
32225
48525
7012
38919
27062
55065
36184
45573
62046
59534
45710
58425
42524
47402
53924
61993
27672
41891
54923
1893
13386
37941
17738
30353
16564
13426
131
7600
3834
62658
48846
23315
18525
30508
20855
64776
3702
24735
51529
19041
22299
17375
1558
49301
54082
62389
59381
8712
452
14364
52474
63240
55947
4862
19856
48103
56249
27586
52254
26964
36242
17812
19129
49132
20506
40488
64272
18525
1225
13890
1831
52672
15962
24034
3232
43634
60765
36453
36858
44911
56262
47149
16865
24688
22537
32336
12964
53372
27201
299
12557
21263
37014
23363
55857
56545
8692
35321
19335
39939
46192
47413
4627
50040
3293
15993
4141
53
27762
15292
11279
25824
46678
33136
22242
26232
28577
46831
18685
56040
34516
14744
27413
10739
9280
41992
6741
58879
29950
6702
15847
7214
30043
48735
19617
43560
63424
36821
51692
58239
2721
59859
7711
26654
43284
22101
55671
11330
47790
52891
17809
5691
40593
22721
26501
13151
51149
58817
61628
30469
56697
9394
11387
31249
17116
50332
22289
55441
9998
45672
5122
26655
41359
563
26936
42146
38296
24973
56095
22242
13448
62067
38606
30977
55043
49794
51582
41554
63178
27754
46202
28300
65172
39688
41504
1498
48160
35463
40498
41136
1995
34789
47280
26892
25259
45046
33039
17541
23667
43925
54675
19802
25429
56769
5317
4931
49563
4482
375
57493
40953
48322
26974
57952
56410
33616
29483
34449
31841
21928
21225
30300
49249
31870
5751
16913
56460
10892
20601
7947
15954
39068
38011
3375
5720
41109
36873
31450
24645
53555
31189
19129
50896
26810
60502
6112
31880
5148
28076
45981
60792
33299
26402
5949
27321
34409
9840
53012
19788
21053
60163
60031
25140
30416
32665
664
43067
57252
16554
33865
26304
11940
3422
59997
23976
61777
58761
63425
29679
41147
52931
65453
11404
46056
6896
59045
7940
48533
54868
21848
45595
31288
32788
62165
57697
4517
43050
30229
4620
30164
29265
26417
44593
56657
9186
8644
43454
38516
6248
3995
53990
58414
17361
33309
52561
4093
27851
12968
46067
51831
4642
37990
26439
59220
34051
23091
28777
10431
63885
58502
5425
20565
11276
44876
12164
43127
33116
50094
64064
38030
47624
46128
35557
51956
56449
45230
55754
37565
22577
34210
50137
26124
19870
50427
48571
56060
2524
13097
21269
3283
57522
16529
9170
44637
60026
33303
58315
62626
42026
19086
2152
56554
5815
5170
51614
40784
48742
29296
22962
13087
13362
42587
21470
19528
58155
12197
9004
32707
7969
8215
30570
60235
40045
7605
366
6345
9405
15039
13439
50909
20886
42647
29466
10395
41296
17347
11888
60945
63474
6446
13129
61070
32840
64240
50795
51941
26393
56560
22289
18438
17590
46474
37510
24255
25520
62651
7814
8181
49034
53084
21995
37548
58979
13469
35855
24857
64941
60902
7542
54595
8481
32422
22755
13931
59809
4985
28343
53830
44132
30692
62041
28517
58786
61314
8941
48634
48643
26289
45132
30725
10976
8491
49225
5826
35804
24849
25378
7941
43374
43889
10562
56499
43829
59172
37224
63950
34215
3567
53183
23270
22162
45851
12598
36136
3892
54054
53988
38707
21437
16956
23937
26996
2672
41334
19621
53684
29690
46400
59573
16440
23593
61707
18586
52701
17760
23475
31059
57663
39554
23769
62364
26345
30068
55175
12733
50324
12152
4126
13144
42020
61513
1750
29911
39933
60630
26267
17212
44144
42753
25683
17397
16127
19408
47124
41401
20938
46812
33433
46366
13476
60713
16653
14050
31117
35951
57705
54236
48429
13545
29823
50692
32559
6522
22692
47549
22889
3578
38189
49616
14442
56464
53574
56489
9165
51846
2873
29067
29665
18524
12513
27611
31822
51702
26864
56359
33053
8732
52919
11049
34456
41555
132
49818
20923
28522
26561
22137
49313
17738
40734
63653
33653
5470
42142
1097
25999
42541
3504
48632
64647
43545
41025
43900
34833
17581
28475
27835
9821
48710
46102
18755
63427
14879
60237
16351
51113
5737
62941
22724
9281
57562
39874
18695
58998
7434
57042
24633
48913
1722
53696
56225
37522
31574
63408
33614
35374
16755
11247
50191
13888
6221
55099
24106
15688
50067
59485
34354
64736
38650
58551
9049
33726
59080
11350
1154
24449
5881
33236
49483
30346
6374
4065
6233
29535
27397
9983
1826
17645
1326
62151
50516
39518
10767
64273
20704
39515
10749
37944
42995
34692
35716
6127
297
40741
60198
18402
42723
22815
2434
34710
9452
59959
27753
17466
65522
9539
33186
20661
46562
44060
24256
55125
16175
18102
26547
5164
34820
24549
3761
8037
63885
148
26784
6907
26833
15509
17973
20594
34980
52407
2402
50162
51784
61943
31438
7050
22546
26728
50042
65116
27103
8847
5266
54095
54452
37007
17273
42032
35302
62763
28114
59757
45585
12042
35626
60825
51654
58173
16993
21350
37453
32873
28904
45056
31228
52108
22021
61892
2958
14889
62306
15962
58202
10205
55926
42559
23718
10910
64084
62840
50841
46329
21154
50470
24696
35069
16539
3418
23880
9909
56430
43077
63204
30193
59549
4048
31872
60723
35184
49976
7000
56260
59534
40406
22892
29789
21500
15100
37534
3497
46987
18056
15570
41207
45283
52265
50400
26978
25707
45705
27604
59651
19261
55359
7533
62174
18348
37427
16718
21786
53156
44551
55365
34933
15540
56178
23201
3074
17180
4942
41948
38278
57016
24508
33866
25174
64438
60647
32889
57304
37402
9342
34094
23425
42977
16707
16585
54513
28063
59480
6337
40110
10851
1056
26240
19012
21776
15036
48786
55057
56695
38565
48742
36067
58039
29757
18160
38979
49868
54092
51130
23950
51872
54982
41326
8357
55558
33772
38151
46868
28754
52311
54184
47148
990
59039
4671
33234
52662
23388
44751
7696
19392
55515
24429
15103
29984
41702
62512
23387
28865
56927
33861
8401
32781
64229
35316
26096
26190
61721
38523
40407
56831
29011
13993
25102
