1024
0
30386
55249
38018
45129
22268
51493
15614
10817
45840
35563
61074
3928
11613
65394
35801
53
29997
4639
13663
43768
13329
65398
1731
23354
49319
59061
30080
49038
28106
23195
25845
57481
12354
40437
60842
21996
37159
8495
63055
65352
37831
30224
54950
35371
29187
41208
57168
28192
56923
34429
40277
39052
3163
58409
43603
42222
19436
50427
11746
16997
6294
5376
29430
3770
58472
57316
24613
22512
2830
32038
33547
37853
33066
50562
38236
32080
61099
29041
6439
59637
4342
55805
10713
11556
32873
9451
39898
9785
25769
442
19265
28692
32057
46052
27492
25251
14608
65327
24389
17444
34122
16778
24597
36883
11801
16879
30679
46426
11476
33225
5822
55962
18441
59796
764
34480
50736
35883
10378
16038
19142
34175
25695
50300
62803
37212
45306
24876
17601
47075
17028
30472
26822
16967
23883
50281
23101
10468
50036
23967
9343
24922
9926
28455
17990
57185
38384
44810
18388
16896
5699
60881
542
61849
29586
25504
7548
9317
54106
59249
42053
47976
7134
43054
27945
16847
52823
17109
34085
13579
44281
42093
2875
27728
24905
60342
27452
29244
43608
62130
50696
46633
50279
38168
38082
36068
56237
33238
58211
32752
56905
8896
41620
44211
32340
37877
33050
60222
30382
54782
38533
3068
40151
7599
30734
4626
45158
41760
40992
8429
35683
34602
10096
15893
11686
35603
2633
42244
29612
28029
39446
27934
62155
23421
7288
27979
61844
56660
1608
7987
39655
56652
59701
6871
29174
40723
17348
57383
4197
24777
2587
29795
61461
13885
47225
61225
60712
53618
32269
56961
37673
8077
42189
27578
13909
37856
23466
1690
38994
7279
25454
23626
50607
34110
57821
43191
30343
34944
25570
51080
14849
49819
49778
53729
24147
44724
3837
24260
7641
1395
63802
15237
10566
38977
41843
39578
2749
54702
1088
45493
53724
13025
64729
28216
43219
37727
48098
50161
33396
614
11991
40541
57255
44688
33781
19584
25849
19958
21929
29655
17175
21463
12681
22872
57224
48565
37339
28364
40915
33850
40261
63561
26036
13518
16403
8835
45650
6048
57563
37949
9247
8056
25097
11483
60685
36733
12625
8967
23229
59803
29399
64038
35853
49372
57400
59224
14000
11931
23976
58266
12070
46527
62157
13693
46747
63995
6643
57658
40592
30477
26411
15592
34163
3057
46975
17246
35536
40461
47459
56161
37243
18684
55055
28444
28910
19234
27975
3132
32885
32825
4450
852
47801
14887
52347
59882
45907
54093
24650
7471
7178
44420
27405
30243
61228
25881
32570
9517
50852
15809
64611
26408
54173
30483
12279
25674
61838
40678
37914
14269
49181
15456
40456
53202
49773
19647
32222
60825
8095
39021
62393
36144
58269
54261
30026
43427
8147
55314
44896
44761
57243
5280
29774
29259
40672
34305
11156
23611
8867
51595
32079
30693
37721
29794
29177
5729
62422
37241
35866
29132
38952
3617
59162
16790
46330
5727
13656
61988
54398
9039
45875
9827
64359
10504
22045
31534
51530
12399
65045
42092
60086
63776
41494
29260
60975
19545
38339
42263
55484
1309
14072
45606
21449
26826
56324
54372
30117
21772
3149
60582
34443
59352
37675
19891
5045
54508
63082
23887
13693
64719
63329
28392
50021
14788
29116
12788
11335
49309
27743
40594
19389
45596
17115
47234
22613
10644
60139
34364
59165
12280
16942
64599
42744
8565
36269
33823
53845
34883
28631
45052
20625
7945
23645
56963
5510
44750
59329
61552
54836
37823
46291
25056
27151
32555
16984
36567
38926
58812
43385
49667
35778
14612
43518
34155
37547
34791
33155
6214
9158
53410
56093
27981
16336
7369
39481
27503
12116
28542
11928
48264
22891
44430
60456
50609
1739
27616
2697
38988
37281
12472
22821
37449
7214
14562
16384
34843
22449
14623
28075
29112
51160
28300
33820
9651
6159
60364
25166
43432
35683
13563
5921
35336
21614
50019
5075
8481
37024
1939
62035
26110
37976
42728
50226
34306
60102
9188
1150
44695
18908
37254
43413
19201
17328
35023
29422
23020
18071
22806
57519
41909
49406
56324
4561
648
5699
36737
10861
61371
53701
23551
54593
51315
42450
7499
21615
20915
17245
33694
5219
62086
5411
49286
4955
17175
11068
28071
49950
48215
46319
56403
16343
20180
46015
10468
21946
3941
55736
175
31006
56616
13291
17086
62051
30997
43803
36302
38626
1832
59781
42206
17958
32129
25077
10223
38164
27888
61703
19687
55334
60030
41956
26808
31800
18527
41075
33675
58200
51696
56494
42852
54338
23217
813
16517
54043
36037
31850
1408
64759
149
49685
42557
27505
56814
64118
60568
35641
12951
62387
55536
47713
36284
6891
10921
54595
50484
60181
46279
36403
23175
43841
24741
44903
9134
44939
44035
65205
9408
64540
521
14371
1539
50034
47319
35418
43981
4181
4777
29564
17087
48990
12420
10742
50005
37247
61721
53868
18902
27832
34337
46790
42185
25377
37136
12090
12883
38748
3186
39067
9913
17433
9626
31558
25519
58120
40909
45987
39230
59694
46556
56263
15485
41984
41931
45511
16022
36249
42788
21470
28759
32966
54254
54714
42685
45076
10163
15080
64528
37560
43775
19914
15255
13747
13925
30674
50675
14570
60628
9402
53853
42331
63063
49751
63419
45283
16275
48721
39370
40552
4370
17487
4573
36407
4233
25769
41256
32393
23906
7102
30692
37153
24112
24347
46285
7573
14134
2775
63769
51103
52666
60632
53482
46696
49886
2139
27501
57365
16988
48093
17124
34808
49664
60532
27217
49200
59927
51612
49950
19941
6995
11327
60141
59218
44671
1526
39294
53548
29876
12980
60531
57383
5708
33297
49749
17072
11642
24998
42097
14733
22485
16589
56101
40280
2279
61927
3061
10978
63765
59072
16549
44389
51944
23987
27111
47451
11539
21138
15673
42092
50432
10830
44017
1045
62310
35885
23194
10383
60007
39560
43450
9472
12108
9820
35168
35946
10990
14368
3348
22938
10908
30589
37282
61454
10345
63152
9981
86
42160
5014
65314
11594
22575
32769
49817
15500
20513
46513
33493
2246
12278
42879
9616
46397
11712
47080
44496
40451
53357
42311
13187
55430
24683
19372
6462
62779
11308
38412
22844
18077
15120
59378
40235
44548
37200
48413
20300
62300
58278
26457
1796
41588
21876
62437
32062
9577
659
46830
34598
45451
24688
58830
56152
65122
17673
25888
3117
46900
20929
36186
50238
14531
14454
55287
9639
5496
61372
14243
50220
24908
41586
63649
59088
45322
55802
55722
61143
30173
44024
34560
32394
22365
14760
11459
9992
20834
38875
49359
40669
50781
45658
45680
51644
64162
