1024
0
18443
61683
27786
17400
19841
12087
63000
27034
40430
15087
21448
61121
12628
37122
28237
45073
5261
8893
8748
29848
16873
45655
12768
13847
1575
46536
57682
8707
35654
42786
29304
55751
765
64990
38693
5441
48647
53931
49055
55501
44860
22145
44469
51709
3337
56423
3603
61906
12745
39475
2759
54306
52933
18693
12486
16153
22098
63495
61669
22666
8450
41486
54896
41700
8960
14362
38178
35211
49281
15836
8855
63197
38986
48202
54213
17601
58751
10131
24669
58974
52176
12102
25660
13304
26677
29493
57408
18939
33476
59675
34920
28574
33160
22538
20218
16854
62081
37238
63032
62826
40518
30091
2615
27148
43333
33114
62443
8200
39693
65363
64079
14784
32796
36630
58655
57443
14102
1050
5934
42770
54175
36347
18926
22556
45533
23137
50594
38664
23213
21654
61811
10182
45330
17604
24208
4843
12991
48378
13887
9193
59773
64739
24255
10365
61812
15370
46747
46169
9945
45690
3560
50498
26289
63173
27360
62591
52432
15638
7561
9522
18814
38461
2394
33649
32005
9938
10446
64912
8057
830
48872
64368
29102
27561
1273
56495
33179
44145
38117
57165
11992
23060
16044
41412
63543
52848
40255
5265
10404
34405
39422
64048
49825
23551
19539
7902
41450
26385
51927
62852
50523
32092
44844
3247
8703
57333
52891
11880
272
23990
3334
23244
53014
2843
45515
50481
3401
47572
26829
55389
20731
32162
64389
39254
16495
22048
56113
53181
52863
15886
21386
3877
64515
15715
7138
37273
64997
3960
41413
59662
32537
64445
21415
11922
17306
35794
38439
29284
9091
964
20537
7541
20018
48084
54819
53550
49448
35896
36926
22701
53444
59158
52374
1953
44172
45168
12896
51766
34783
31161
681
10059
45822
21174
33027
52727
56946
52765
13814
64219
30613
37532
33827
27018
31891
27243
59330
55711
41529
63849
59228
62056
58687
56412
61869
21600
34530
45921
24594
65235
39756
33061
51572
22986
60615
49710
16175
9373
45903
58905
36849
54858
42902
57110
64857
47655
11556
21904
64863
23431
10901
57114
14275
11287
14731
35575
22416
41934
51437
51238
56288
19591
1142
41271
48523
46349
45746
12772
62467
8393
4749
8196
6968
51308
39672
2144
58149
34972
50764
29072
7552
44941
62156
25033
30642
37697
31116
4914
18479
59383
7264
6958
28472
31063
58692
48412
24397
2145
47772
55675
11900
61231
54318
44202
47072
41520
125
48925
60565
62311
62511
22008
58805
30910
27834
958
48050
19793
8685
50401
16562
46272
53067
30209
43816
7140
49965
45397
19220
11063
33670
53172
19253
1742
57948
7829
55574
47723
35163
57059
50909
18835
30898
22519
8321
38048
13866
10174
36034
28084
62877
51707
23649
24595
16094
50746
44429
5224
34370
19396
20553
14521
64490
8039
40980
40999
25690
61302
7291
26234
43397
28566
62926
15132
36957
50077
62481
33594
59137
57556
20019
22646
35550
9210
29784
58074
62792
57284
47752
41085
9430
19049
26232
57717
27701
53066
10511
21113
37238
44796
18529
14680
21656
34850
54076
7875
34247
9644
42852
57440
16249
13722
9731
18906
24375
14556
5783
55350
50300
22640
52659
45538
59053
10853
31222
16420
56733
13701
10298
57189
47846
46749
4496
4158
16268
21486
41234
35376
62957
49953
40531
24551
33069
40392
26354
41730
52059
48117
34843
53034
2565
24949
62638
14702
48041
65248
32006
49173
8725
54894
63192
64872
12838
44897
60965
39143
32797
12253
4695
49041
9069
26788
5917
18745
47213
22239
20038
26654
2431
56514
11057
23174
37074
30569
23227
49622
15339
26818
47606
12263
54825
46666
13950
63323
41831
33618
53572
49523
11643
10232
21682
61267
10198
60306
25247
7632
15466
58238
41829
21988
15170
28077
52583
37663
50173
12840
1221
51574
29107
57538
20329
6351
18049
29048
57775
7427
45882
30604
2369
34575
64857
33879
13339
10327
3201
3994
46092
53610
22632
27078
43220
58455
55243
5051
12168
4739
54654
37911
39799
8146
28075
65386
63664
39465
4320
38067
61804
18939
50797
27105
30652
8686
24967
29711
63552
35357
43185
195
3457
57527
1879
23699
51582
485
20061
64484
49673
56871
23317
26744
41881
61312
34780
47625
3224
37762
16840
16462
8763
12717
52392
27045
1971
3951
35402
14363
38809
35504
2336
21249
23691
42111
55067
64560
62632
28376
216
11209
3014
19206
59436
15552
15952
62035
36170
53144
55386
10440
25473
59454
42463
5878
36994
52077
11118
22865
42479
8147
18797
56043
18071
4814
33828
16061
25492
48515
47502
33067
35280
22269
14391
23034
33758
43819
36645
9965
40852
48390
2768
47103
65034
52147
31525
6637
63250
56378
7097
6647
36289
3908
50007
29013
39835
44963
44226
19303
57326
28724
20944
54484
4291
41902
42251
11335
52974
44319
62038
29939
10319
33918
22072
21698
50532
5475
26517
36444
36175
14791
17263
34386
42388
60074
23958
10789
15578
7406
25819
20055
60381
42731
9192
51361
34672
28964
23390
39178
60785
49928
55717
31025
18400
17158
50182
60886
14099
31060
38591
12848
26619
56971
41537
14618
55985
62664
48285
45728
22895
40475
62303
30660
42802
5180
18169
32988
31624
28947
65161
56593
9982
35055
3655
49211
65432
40730
31867
54943
11504
10639
17566
8021
46703
31832
29411
41804
28714
32889
34526
5038
4624
20744
2586
56450
48179
37131
20829
26559
20692
58566
22684
25936
62758
20311
34715
53726
44947
38276
29007
9362
50599
9852
64276
7417
18414
3226
59147
55768
19432
35832
45661
27697
38678
22812
250
2519
50469
59334
11532
53043
18761
21393
38764
13607
56192
11406
33209
4471
28029
19780
17785
6065
20840
38468
3455
57520
2844
29577
35460
16315
35753
64138
20322
13545
32084
282
22465
48229
58783
59525
29865
14869
3389
28228
12164
21886
23182
51899
56730
5346
17007
46781
26359
36841
9938
17449
11711
3224
14125
39081
24995
11924
21693
9532
10626
55672
18021
23631
28173
22304
56386
63129
34737
42417
24581
31263
65065
30234
57964
48427
15957
56014
1753
51264
27096
46730
3078
27558
60389
33063
2751
14501
9653
9482
47177
4500
64603
52582
37618
48523
41083
43159
21087
12184
36228
7351
36128
23253
37485
35962
511
51290
3145
27348
34544
57707
23401
33991
11079
20203
60284
55403
8375
34762
15645
21860
3051
35738
22519
43022
9725
56063
52798
42074
45427
42532
60007
21203
55115
54124
47167
25741
20912
11204
9836
913
61650
4706
25175
49876
23973
2621
2408
45216
56225
41731
53915
6693
42924
20794
62
40398
57318
53072
31812
