1024
0
48109
27083
6187
52530
48954
1831
7972
41842
2438
24249
41612
48386
64249
20940
48026
14101
11052
46444
62309
38634
58190
8403
42877
62644
40384
65524
7898
49338
52175
8309
51335
22074
30495
51541
1847
51068
33500
43967
15343
18942
34406
40715
46498
33226
18647
40931
16717
944
21247
52883
23304
22674
20002
58003
48312
13298
27671
18501
47729
23782
47506
33278
13120
33343
31155
4570
17617
51015
64510
35343
42314
18678
59011
62034
53173
15421
13960
53955
38807
58364
35543
15977
17587
11470
25024
63786
43976
58803
52487
39205
20551
8796
3662
54054
59851
54076
8744
17632
50960
58504
49502
9947
50114
55005
14124
55935
23604
39790
29567
53765
26382
28907
31420
63671
54177
29771
55647
2859
63151
59809
56401
5337
1828
48930
21716
12794
34455
21800
55137
37942
409
36028
41671
2813
30337
31561
7835
27479
56535
53025
14966
49181
59375
32466
10676
5919
47494
28389
20515
19817
14039
12897
56030
44081
27706
14511
65076
16901
42923
43741
11908
44391
19405
25911
2396
63033
53669
22319
31103
65197
33900
10578
20183
65045
5797
10380
1896
34194
52307
49347
52211
51467
16038
41495
30492
64096
34068
41408
55786
52712
12605
43896
19651
60185
49992
23505
11741
29253
4904
30669
13250
21199
9929
34050
9812
28596
34005
47517
45318
60951
63728
17754
14504
64895
22337
30512
42890
55647
5622
10406
29617
20304
32536
23457
44192
7372
37218
26543
33654
28762
53832
38184
27957
6291
7909
58565
5400
39921
50774
41784
17801
11898
2610
57472
43061
27568
39384
57884
51160
29871
49729
38725
51887
15998
11068
23088
20240
60060
38544
45926
2824
16468
14575
26190
7128
63383
56153
62911
12291
64285
60258
37003
330
52692
8373
59303
52293
34040
62750
1703
5695
45790
61639
14693
62324
2741
5956
4187
6192
26248
52079
2331
25782
20877
31138
1662
20293
59734
22930
4462
43984
47287
6658
38619
61637
18585
27490
44288
39372
54631
62379
21764
19133
48514
16504
55813
39371
61257
7703
9690
40428
1574
59245
49671
58565
12942
24383
8061
19971
601
20180
34500
38099
62011
15571
17235
50747
65410
44739
15228
65049
56308
42051
2022
50450
37033
59495
60717
7860
55145
38775
59797
1872
3979
25272
14482
31401
37508
21454
50169
44762
24495
12987
22960
54897
34858
44495
58238
39999
37480
31481
23969
29150
3567
43275
45406
55573
29077
27602
35116
62809
25842
18634
50098
10443
27066
64430
15102
26597
17785
49472
669
11818
2681
38993
49294
55395
28815
63262
11685
5
1921
2521
46131
30009
4010
58121
14903
12298
33393
14321
12405
25913
19050
20283
50811
62774
22278
64062
23796
612
35451
24470
10184
54486
34298
46457
43945
63202
23514
9339
38563
47762
24872
48866
53858
64398
54041
42103
60867
41562
1250
22999
62843
63076
9013
6827
29385
61273
9081
14261
53977
46499
5444
7579
14123
57305
56294
48383
30010
65088
17533
27953
28849
3205
34833
25872
44991
43197
31591
15864
6816
62422
55251
43939
34076
52679
23171
9933
18202
60549
8638
51605
23354
34649
36792
31952
39316
64908
30463
23820
32355
53007
24499
31529
11009
46830
5388
27865
13198
30625
41126
105
59751
24651
54230
27414
14259
12083
20015
22572
33762
44571
4152
51842
19088
41621
22561
63899
44991
7767
37475
9612
30931
53688
19126
58949
65216
53279
2999
9092
33913
59210
50028
20011
58364
25747
58115
22314
4707
5677
43544
39667
41308
33018
20221
60275
366
11468
6600
13043
58677
28835
20597
26628
44434
50604
41920
13073
21404
30129
7174
34523
11993
32202
3350
5982
41155
65500
50036
50369
26362
62921
45080
33242
61434
48751
1791
1153
30381
34243
6040
64526
26166
60088
9016
55835
19193
25310
25422
32548
40098
4038
21436
44015
35044
9413
29445
7620
15527
47715
53170
6599
48788
13472
53031
40119
33453
53907
31028
23882
44400
26613
2646
51209
57412
1081
15952
43757
45768
56671
3057
62711
16373
54570
44364
36323
19563
60970
29378
47083
64737
52784
6458
46534
36426
46009
9231
54786
43262
6913
27387
22277
44181
56941
31475
21880
38726
10352
2451
53210
57302
54858
18109
54543
41419
41911
9544
33175
12236
32835
24145
47878
22498
27524
8708
33133
54142
17737
39982
52045
61018
57561
60458
41215
40713
32373
58355
27957
41007
53098
11319
16035
7562
14081
45253
59934
2547
23329
25564
28449
34384
36839
50591
35483
18038
33899
62689
52260
46454
49577
18659
45613
32435
20438
39921
42643
64916
8978
28153
51303
31423
1183
39844
14052
51229
20105
60869
54582
33987
47032
2235
51432
28131
49576
29810
32659
40558
3164
42103
34018
17263
7728
94
42014
48032
2337
38370
23602
53929
64187
18626
3721
27615
35574
5877
17337
860
16111
47394
40654
140
13429
22143
52980
54048
42399
28834
33645
25887
4765
61799
9367
23021
11225
24636
50568
43202
11698
52302
44775
10643
5875
43174
8492
49243
38368
57427
15787
22508
26430
8252
50749
64145
37140
15611
48433
34270
22080
37490
28549
33266
60135
18472
41553
12710
59800
19114
1209
12483
27516
44539
30570
37677
55221
27448
50341
10031
24033
52464
41853
17469
19149
56323
2964
22221
1381
51994
55411
38746
52843
60572
33961
58567
39483
29994
45975
60034
18223
1183
26447
45222
9987
51719
21968
24007
13150
54740
33164
55041
48192
7549
51206
40549
32181
30229
41608
59144
36770
8088
1822
22496
36669
58259
45731
654
54228
4667
10108
38662
27267
8329
50248
17117
34173
16909
21618
34507
37074
13317
53901
18880
9161
37835
8371
58466
14597
48367
10324
64120
28136
5444
1802
31969
40898
35702
55588
23221
30112
42502
685
54165
12148
53725
28524
52810
54988
54191
38915
44122
59064
30467
7511
12580
43029
1175
138
19239
31411
3817
52727
58671
4961
52013
13487
59366
8890
16267
13928
3063
42992
62711
12562
12548
26394
49097
13458
43048
23414
40835
30106
10796
54383
58615
50150
51895
31302
10684
22420
17
60271
24435
5050
50720
26200
45222
42128
54255
51720
35626
65464
25909
24900
27692
2821
3821
10392
16578
16524
19644
37915
31965
23128
8924
44530
7343
34300
19777
16582
16824
15716
29839
51787
32893
16762
22123
42218
63301
45455
28478
61136
20936
27302
61993
23454
36110
10608
8172
1905
42114
59514
28526
27665
34029
47674
31180
18977
57668
29344
32525
19083
5922
48417
16375
6339
55753
64330
28273
45357
9055
43250
65212
12412
57869
663
2744
31211
8195
48090
27707
33621
48279
63696
